(1, 0)
(6, 0)
(9, 0)
(12, 0)
(19, 0)
(24, 0)
(25, 0)
(2, 1)
(7, 1)
(10, 1)
(12, 1)
(19, 1)
(24, 1)
(25, 1)
(3, 2)
(8, 2)
(11, 2)
(12, 2)
(19, 2)
(24, 2)
(25, 2)
(4, 3)
(5, 3)
(19, 3)
(1, 4)
(2, 4)
(13, 4)
(27, 5)
(32, 5)
(35, 5)
(38, 5)
(45, 5)
(50, 5)
(51, 5)
(28, 6)
(33, 6)
(36, 6)
(38, 6)
(45, 6)
(50, 6)
(51, 6)
(29, 7)
(34, 7)
(37, 7)
(38, 7)
(45, 7)
(50, 7)
(51, 7)
(30, 8)
(31, 8)
(45, 8)
(27, 9)
(28, 9)
(29, 9)
(30, 9)
(39, 9)
(53, 10)
(63, 11)
(66, 12)
(69, 12)
(72, 12)
(78, 12)
(81, 12)
(96, 12)
(100, 12)
(102, 12)
(67, 13)
(70, 13)
(73, 13)
(79, 13)
(81, 13)
(96, 13)
(100, 13)
(102, 13)
(68, 14)
(71, 14)
(74, 14)
(80, 14)
(81, 14)
(96, 14)
(100, 14)
(102, 14)
(75, 15)
(76, 15)
(77, 15)
(66, 16)
(67, 16)
(68, 16)
(75, 16)
(82, 16)
(105, 17)
(108, 17)
(113, 17)
(116, 17)
(129, 17)
(133, 17)
(135, 17)
(106, 18)
(109, 18)
(114, 18)
(116, 18)
(129, 18)
(133, 18)
(135, 18)
(107, 19)
(110, 19)
(115, 19)
(116, 19)
(129, 19)
(133, 19)
(135, 19)
(111, 20)
(112, 20)
(105, 21)
(106, 21)
(107, 21)
(111, 21)
(117, 21)
(138, 22)
(141, 22)
(146, 22)
(149, 22)
(162, 22)
(166, 22)
(168, 22)
(139, 23)
(142, 23)
(147, 23)
(149, 23)
(162, 23)
(166, 23)
(168, 23)
(140, 24)
(143, 24)
(148, 24)
(149, 24)
(162, 24)
(166, 24)
(168, 24)
(144, 25)
(145, 25)
(138, 26)
(139, 26)
(140, 26)
(144, 26)
(150, 26)
(171, 27)
(174, 27)
(179, 27)
(182, 27)
(195, 27)
(199, 27)
(201, 27)
(172, 28)
(175, 28)
(180, 28)
(182, 28)
(195, 28)
(199, 28)
(201, 28)
(173, 29)
(176, 29)
(181, 29)
(182, 29)
(195, 29)
(199, 29)
(201, 29)
(177, 30)
(178, 30)
(171, 31)
(172, 31)
(173, 31)
(177, 31)
(183, 31)
(204, 32)
(207, 32)
(212, 32)
(215, 32)
(228, 32)
(232, 32)
(234, 32)
(205, 33)
(208, 33)
(213, 33)
(215, 33)
(228, 33)
(232, 33)
(234, 33)
(206, 34)
(209, 34)
(214, 34)
(215, 34)
(228, 34)
(232, 34)
(234, 34)
(210, 35)
(211, 35)
(204, 36)
(205, 36)
(206, 36)
(210, 36)
(216, 36)
(237, 37)
(240, 37)
(245, 37)
(248, 37)
(261, 37)
(265, 37)
(267, 37)
(238, 38)
(241, 38)
(246, 38)
(248, 38)
(261, 38)
(265, 38)
(267, 38)
(239, 39)
(242, 39)
(247, 39)
(248, 39)
(261, 39)
(265, 39)
(267, 39)
(243, 40)
(244, 40)
(237, 41)
(238, 41)
(239, 41)
(243, 41)
(249, 41)
(270, 42)
(273, 42)
(278, 42)
(281, 42)
(294, 42)
(298, 42)
(300, 42)
(271, 43)
(274, 43)
(279, 43)
(281, 43)
(294, 43)
(298, 43)
(300, 43)
(272, 44)
(275, 44)
(280, 44)
(281, 44)
(294, 44)
(298, 44)
(300, 44)
(276, 45)
(277, 45)
(270, 46)
(271, 46)
(272, 46)
(276, 46)
(282, 46)
(303, 47)
(306, 47)
(311, 47)
(314, 47)
(327, 47)
(331, 47)
(333, 47)
(304, 48)
(307, 48)
(312, 48)
(314, 48)
(327, 48)
(331, 48)
(333, 48)
(305, 49)
(308, 49)
(313, 49)
(314, 49)
(327, 49)
(331, 49)
(333, 49)
(309, 50)
(310, 50)
(303, 51)
(304, 51)
(305, 51)
(309, 51)
(315, 51)
(336, 52)
(339, 52)
(344, 52)
(347, 52)
(360, 52)
(364, 52)
(366, 52)
(337, 53)
(340, 53)
(345, 53)
(347, 53)
(360, 53)
(364, 53)
(366, 53)
(338, 54)
(341, 54)
(346, 54)
(347, 54)
(360, 54)
(364, 54)
(366, 54)
(342, 55)
(343, 55)
(336, 56)
(337, 56)
(338, 56)
(342, 56)
(348, 56)
(369, 57)
(372, 57)
(377, 57)
(380, 57)
(393, 57)
(397, 57)
(399, 57)
(370, 58)
(373, 58)
(378, 58)
(380, 58)
(393, 58)
(397, 58)
(399, 58)
(371, 59)
(374, 59)
(379, 59)
(380, 59)
(393, 59)
(397, 59)
(399, 59)
(375, 60)
(376, 60)
(369, 61)
(370, 61)
(371, 61)
(375, 61)
(381, 61)
(402, 62)
(405, 62)
(410, 62)
(413, 62)
(426, 62)
(430, 62)
(432, 62)
(403, 63)
(406, 63)
(411, 63)
(413, 63)
(426, 63)
(430, 63)
(432, 63)
(404, 64)
(407, 64)
(412, 64)
(413, 64)
(426, 64)
(430, 64)
(432, 64)
(408, 65)
(409, 65)
(402, 66)
(403, 66)
(404, 66)
(408, 66)
(414, 66)
(435, 67)
(438, 67)
(443, 67)
(446, 67)
(459, 67)
(463, 67)
(465, 67)
(436, 68)
(439, 68)
(444, 68)
(446, 68)
(459, 68)
(463, 68)
(465, 68)
(437, 69)
(440, 69)
(445, 69)
(446, 69)
(459, 69)
(463, 69)
(465, 69)
(441, 70)
(442, 70)
(435, 71)
(436, 71)
(437, 71)
(441, 71)
(447, 71)
(468, 72)
(471, 72)
(476, 72)
(479, 72)
(492, 72)
(496, 72)
(498, 72)
(469, 73)
(472, 73)
(477, 73)
(479, 73)
(492, 73)
(496, 73)
(498, 73)
(470, 74)
(473, 74)
(478, 74)
(479, 74)
(492, 74)
(496, 74)
(498, 74)
(474, 75)
(475, 75)
(468, 76)
(469, 76)
(470, 76)
(474, 76)
(480, 76)
(501, 77)
(504, 77)
(509, 77)
(512, 77)
(525, 77)
(529, 77)
(531, 77)
(502, 78)
(505, 78)
(510, 78)
(512, 78)
(525, 78)
(529, 78)
(531, 78)
(503, 79)
(506, 79)
(511, 79)
(512, 79)
(525, 79)
(529, 79)
(531, 79)
(507, 80)
(508, 80)
(501, 81)
(502, 81)
(503, 81)
(507, 81)
(513, 81)
(534, 82)
(537, 82)
(542, 82)
(545, 82)
(558, 82)
(562, 82)
(564, 82)
(535, 83)
(538, 83)
(543, 83)
(545, 83)
(558, 83)
(562, 83)
(564, 83)
(536, 84)
(539, 84)
(544, 84)
(545, 84)
(558, 84)
(562, 84)
(564, 84)
(540, 85)
(541, 85)
(534, 86)
(535, 86)
(536, 86)
(540, 86)
(546, 86)
(567, 87)
(570, 87)
(575, 87)
(578, 87)
(591, 87)
(595, 87)
(597, 87)
(568, 88)
(571, 88)
(576, 88)
(578, 88)
(591, 88)
(595, 88)
(597, 88)
(569, 89)
(572, 89)
(577, 89)
(578, 89)
(591, 89)
(595, 89)
(597, 89)
(573, 90)
(574, 90)
(567, 91)
(568, 91)
(569, 91)
(573, 91)
(579, 91)
(600, 92)
(603, 92)
(608, 92)
(611, 92)
(624, 92)
(628, 92)
(630, 92)
(601, 93)
(604, 93)
(609, 93)
(611, 93)
(624, 93)
(628, 93)
(630, 93)
(602, 94)
(605, 94)
(610, 94)
(611, 94)
(624, 94)
(628, 94)
(630, 94)
(606, 95)
(607, 95)
(600, 96)
(601, 96)
(602, 96)
(606, 96)
(612, 96)
(633, 97)
(636, 97)
(641, 97)
(644, 97)
(657, 97)
(661, 97)
(663, 97)
(634, 98)
(637, 98)
(642, 98)
(644, 98)
(657, 98)
(661, 98)
(663, 98)
(635, 99)
(638, 99)
(643, 99)
(644, 99)
(657, 99)
(661, 99)
(663, 99)
(639, 100)
(640, 100)
(633, 101)
(634, 101)
(635, 101)
(639, 101)
(645, 101)
(666, 102)
(669, 102)
(674, 102)
(677, 102)
(690, 102)
(694, 102)
(696, 102)
(667, 103)
(670, 103)
(675, 103)
(677, 103)
(690, 103)
(694, 103)
(696, 103)
(668, 104)
(671, 104)
(676, 104)
(677, 104)
(690, 104)
(694, 104)
(696, 104)
(672, 105)
(673, 105)
(666, 106)
(667, 106)
(668, 106)
(672, 106)
(678, 106)
(710, 107)
(713, 107)
(718, 107)
(721, 107)
(736, 107)
(740, 107)
(742, 107)
(711, 108)
(714, 108)
(719, 108)
(721, 108)
(736, 108)
(740, 108)
(742, 108)
(712, 109)
(715, 109)
(720, 109)
(721, 109)
(736, 109)
(740, 109)
(742, 109)
(716, 110)
(717, 110)
(710, 111)
(711, 111)
(712, 111)
(716, 111)
(722, 111)
(747, 112)
(750, 112)
(755, 112)
(758, 112)
(771, 112)
(775, 112)
(777, 112)
(748, 113)
(751, 113)
(756, 113)
(758, 113)
(771, 113)
(775, 113)
(777, 113)
(749, 114)
(752, 114)
(757, 114)
(758, 114)
(771, 114)
(775, 114)
(777, 114)
(753, 115)
(754, 115)
(747, 116)
(748, 116)
(749, 116)
(753, 116)
(759, 116)
(780, 117)
(783, 117)
(788, 117)
(791, 117)
(804, 117)
(808, 117)
(810, 117)
(781, 118)
(784, 118)
(789, 118)
(791, 118)
(804, 118)
(808, 118)
(810, 118)
(782, 119)
(785, 119)
(790, 119)
(791, 119)
(804, 119)
(808, 119)
(810, 119)
(786, 120)
(787, 120)
(780, 121)
(781, 121)
(782, 121)
(786, 121)
(792, 121)
(813, 122)
(816, 122)
(821, 122)
(824, 122)
(837, 122)
(841, 122)
(843, 122)
(814, 123)
(817, 123)
(822, 123)
(824, 123)
(837, 123)
(841, 123)
(843, 123)
(815, 124)
(818, 124)
(823, 124)
(824, 124)
(837, 124)
(841, 124)
(843, 124)
(819, 125)
(820, 125)
(813, 126)
(814, 126)
(815, 126)
(819, 126)
(825, 126)
(846, 127)
(849, 127)
(854, 127)
(857, 127)
(870, 127)
(874, 127)
(876, 127)
(847, 128)
(850, 128)
(855, 128)
(857, 128)
(870, 128)
(874, 128)
(876, 128)
(848, 129)
(851, 129)
(856, 129)
(857, 129)
(870, 129)
(874, 129)
(876, 129)
(852, 130)
(853, 130)
(846, 131)
(847, 131)
(848, 131)
(852, 131)
(858, 131)
(879, 132)
(882, 132)
(887, 132)
(890, 132)
(903, 132)
(907, 132)
(909, 132)
(880, 133)
(883, 133)
(888, 133)
(890, 133)
(903, 133)
(907, 133)
(909, 133)
(881, 134)
(884, 134)
(889, 134)
(890, 134)
(903, 134)
(907, 134)
(909, 134)
(885, 135)
(886, 135)
(879, 136)
(880, 136)
(881, 136)
(885, 136)
(891, 136)
(912, 137)
(915, 137)
(920, 137)
(923, 137)
(936, 137)
(940, 137)
(942, 137)
(913, 138)
(916, 138)
(921, 138)
(923, 138)
(936, 138)
(940, 138)
(942, 138)
(914, 139)
(917, 139)
(922, 139)
(923, 139)
(936, 139)
(940, 139)
(942, 139)
(918, 140)
(919, 140)
(912, 141)
(913, 141)
(914, 141)
(918, 141)
(924, 141)
(945, 142)
(955, 143)
(1018, 144)
(1022, 144)
(1030, 144)
(1031, 144)
(1032, 144)
(1019, 145)
(1023, 145)
(1030, 145)
(1031, 145)
(1032, 145)
(1020, 146)
(1024, 146)
(1030, 146)
(1031, 146)
(1032, 146)
(1021, 147)
(1025, 147)
(1030, 147)
(1018, 148)
(1019, 148)
(1020, 148)
(1021, 148)
(1027, 148)
(1050, 149)
(1053, 150)
(1060, 151)
(1073, 152)
(1081, 152)
(1072, 153)
(1080, 153)
(1071, 154)
(1079, 154)
(1070, 155)
(1073, 155)
(1070, 156)
(1072, 156)
(1070, 157)
(1071, 157)
(1073, 158)
(1076, 158)
(1058, 159)
(1059, 159)
(1058, 160)
(1060, 160)
(1061, 160)
(1057, 161)
(1057, 162)
(1059, 162)
(1056, 163)
(1055, 164)
(1052, 165)
(1053, 165)
(1054, 165)
(1049, 166)
(1050, 166)
(1051, 166)
(1048, 167)
(1048, 168)
(1049, 168)
(1037, 169)
(1042, 169)
(1042, 170)
(1043, 170)
(1044, 170)
(1045, 170)
(1046, 170)
(1047, 170)
(1027, 171)
(1032, 171)
(1026, 172)
(1027, 172)
(1031, 172)
(1029, 173)
(1028, 174)
(1026, 175)
(1027, 175)
(1052, 175)
(1025, 176)
(1036, 176)
(1037, 176)
(1026, 177)
(1029, 177)
(1030, 177)
(1031, 177)
(1040, 177)
(1041, 177)
(1028, 178)
(1030, 178)
(1031, 178)
(1038, 178)
(1039, 178)
(1017, 179)
(1018, 179)
(1019, 179)
(1020, 179)
(1021, 179)
(1046, 179)
(1047, 179)
(1024, 180)
(1035, 180)
(1045, 180)
(1023, 181)
(1034, 181)
(1044, 181)
(1022, 182)
(1033, 182)
(1043, 182)
(1008, 183)
(1016, 183)
(1008, 184)
(1015, 184)
(1002, 185)
(1007, 186)
(1008, 186)
(1005, 187)
(1014, 187)
(1004, 188)
(1013, 188)
(1003, 189)
(1012, 189)
(1010, 190)
(1009, 191)
(1005, 192)
(1006, 192)
(1004, 193)
(1006, 193)
(1003, 194)
(1006, 194)
(1002, 195)
(1011, 195)
(1021, 195)
(1010, 196)
(1011, 196)
(1012, 196)
(1013, 196)
(1014, 196)
(998, 197)
(1002, 197)
(1017, 197)
(1018, 197)
(1019, 197)
(1020, 197)
(1021, 197)
(1001, 198)
(1005, 198)
(1011, 198)
(1020, 198)
(1000, 199)
(1004, 199)
(1011, 199)
(1019, 199)
(999, 200)
(1003, 200)
(1011, 200)
(1018, 200)
(993, 201)
(993, 202)
(997, 202)
(993, 203)
(996, 203)
(993, 204)
(994, 204)
(991, 205)
(1050, 205)
(992, 206)
(1036, 206)
(994, 207)
(1040, 207)
(1038, 208)
(990, 209)
(991, 209)
(993, 209)
(1047, 209)
(989, 210)
(1035, 210)
(988, 211)
(1034, 211)
(987, 212)
(1033, 212)
(981, 213)
(986, 213)
(982, 214)
(985, 214)
(981, 215)
(982, 215)
(982, 216)
(983, 216)
(980, 217)
(982, 218)
(1053, 218)
(979, 219)
(1042, 219)
(983, 220)
(1041, 220)
(1039, 221)
(978, 222)
(980, 222)
(981, 222)
(986, 222)
(1045, 222)
(977, 223)
(980, 223)
(981, 223)
(986, 223)
(1044, 223)
(976, 224)
(980, 224)
(981, 224)
(986, 224)
(1043, 224)
(979, 225)
(984, 225)
(984, 226)
(985, 226)
(978, 227)
(984, 227)
(985, 227)
(977, 228)
(984, 228)
(985, 228)
(976, 229)
(984, 229)
(985, 229)
(975, 230)
(1048, 230)
(974, 231)
(1002, 231)
(973, 232)
(1007, 232)
(1015, 232)
(972, 233)
(1015, 233)
(971, 234)
(998, 234)
(1002, 234)
(1008, 234)
(970, 235)
(1001, 235)
(1015, 235)
(1016, 235)
(969, 236)
(1000, 236)
(1015, 236)
(1016, 236)
(968, 237)
(999, 237)
(1015, 237)
(1016, 237)
(962, 238)
(967, 238)
(963, 239)
(966, 239)
(962, 240)
(963, 240)
(963, 241)
(964, 241)
(961, 242)
(960, 243)
(965, 243)
(965, 244)
(966, 244)
(959, 245)
(965, 245)
(966, 245)
(958, 246)
(965, 246)
(966, 246)
(957, 247)
(965, 247)
(966, 247)
(954, 248)
(955, 248)
(956, 248)
(955, 249)
(963, 249)
(953, 250)
(1056, 250)
(952, 251)
(960, 251)
(951, 252)
(964, 252)
(950, 253)
(949, 254)
(959, 254)
(961, 254)
(962, 254)
(967, 254)
(948, 255)
(958, 255)
(961, 255)
(962, 255)
(967, 255)
(947, 256)
(957, 256)
(961, 256)
(962, 256)
(967, 256)
(944, 257)
(945, 257)
(946, 257)
(944, 258)
(1056, 258)
(930, 259)
(943, 259)
(924, 260)
(926, 260)
(942, 260)
(930, 261)
(941, 261)
(924, 262)
(926, 262)
(927, 262)
(940, 262)
(928, 263)
(929, 263)
(929, 264)
(930, 264)
(927, 265)
(929, 265)
(925, 266)
(926, 266)
(924, 267)
(925, 267)
(927, 267)
(922, 268)
(939, 268)
(921, 269)
(938, 269)
(920, 270)
(937, 270)
(931, 271)
(932, 271)
(933, 272)
(934, 272)
(897, 273)
(910, 273)
(891, 274)
(893, 274)
(909, 274)
(897, 275)
(908, 275)
(891, 276)
(893, 276)
(894, 276)
(907, 276)
(895, 277)
(896, 277)
(896, 278)
(897, 278)
(894, 279)
(896, 279)
(892, 280)
(893, 280)
(891, 281)
(892, 281)
(894, 281)
(889, 282)
(906, 282)
(888, 283)
(905, 283)
(887, 284)
(904, 284)
(898, 285)
(899, 285)
(900, 286)
(901, 286)
(885, 287)
(919, 287)
(936, 287)
(934, 288)
(932, 289)
(878, 290)
(879, 290)
(880, 290)
(881, 290)
(885, 290)
(911, 290)
(912, 290)
(913, 290)
(914, 290)
(918, 290)
(926, 290)
(881, 291)
(917, 291)
(880, 292)
(916, 292)
(879, 293)
(915, 293)
(885, 294)
(902, 294)
(918, 294)
(895, 295)
(900, 295)
(902, 295)
(903, 295)
(904, 295)
(905, 295)
(906, 295)
(907, 295)
(928, 295)
(941, 295)
(898, 296)
(902, 296)
(903, 296)
(904, 296)
(905, 296)
(906, 296)
(907, 296)
(941, 296)
(878, 297)
(879, 297)
(880, 297)
(881, 297)
(885, 297)
(911, 297)
(912, 297)
(913, 297)
(914, 297)
(918, 297)
(930, 297)
(881, 298)
(889, 298)
(890, 298)
(902, 298)
(914, 298)
(941, 298)
(943, 298)
(880, 299)
(888, 299)
(890, 299)
(902, 299)
(913, 299)
(941, 299)
(943, 299)
(879, 300)
(887, 300)
(890, 300)
(902, 300)
(912, 300)
(941, 300)
(943, 300)
(864, 301)
(877, 301)
(858, 302)
(860, 302)
(876, 302)
(864, 303)
(875, 303)
(858, 304)
(860, 304)
(861, 304)
(874, 304)
(862, 305)
(863, 305)
(863, 306)
(864, 306)
(861, 307)
(863, 307)
(859, 308)
(860, 308)
(858, 309)
(859, 309)
(861, 309)
(856, 310)
(873, 310)
(855, 311)
(872, 311)
(854, 312)
(871, 312)
(865, 313)
(866, 313)
(867, 314)
(868, 314)
(852, 315)
(886, 315)
(903, 315)
(901, 316)
(899, 317)
(845, 318)
(846, 318)
(847, 318)
(848, 318)
(852, 318)
(878, 318)
(879, 318)
(880, 318)
(881, 318)
(885, 318)
(893, 318)
(848, 319)
(884, 319)
(847, 320)
(883, 320)
(846, 321)
(882, 321)
(852, 322)
(869, 322)
(885, 322)
(862, 323)
(867, 323)
(869, 323)
(870, 323)
(871, 323)
(872, 323)
(873, 323)
(874, 323)
(895, 323)
(908, 323)
(865, 324)
(869, 324)
(870, 324)
(871, 324)
(872, 324)
(873, 324)
(874, 324)
(908, 324)
(845, 325)
(846, 325)
(847, 325)
(848, 325)
(852, 325)
(878, 325)
(879, 325)
(880, 325)
(881, 325)
(885, 325)
(897, 325)
(848, 326)
(856, 326)
(857, 326)
(869, 326)
(881, 326)
(908, 326)
(910, 326)
(847, 327)
(855, 327)
(857, 327)
(869, 327)
(880, 327)
(908, 327)
(910, 327)
(846, 328)
(854, 328)
(857, 328)
(869, 328)
(879, 328)
(908, 328)
(910, 328)
(831, 329)
(844, 329)
(825, 330)
(827, 330)
(843, 330)
(831, 331)
(842, 331)
(825, 332)
(827, 332)
(828, 332)
(841, 332)
(829, 333)
(830, 333)
(830, 334)
(831, 334)
(828, 335)
(830, 335)
(826, 336)
(827, 336)
(825, 337)
(826, 337)
(828, 337)
(823, 338)
(840, 338)
(822, 339)
(839, 339)
(821, 340)
(838, 340)
(832, 341)
(833, 341)
(834, 342)
(835, 342)
(819, 343)
(853, 343)
(870, 343)
(868, 344)
(866, 345)
(812, 346)
(813, 346)
(814, 346)
(815, 346)
(819, 346)
(845, 346)
(846, 346)
(847, 346)
(848, 346)
(852, 346)
(860, 346)
(815, 347)
(851, 347)
(814, 348)
(850, 348)
(813, 349)
(849, 349)
(819, 350)
(836, 350)
(852, 350)
(829, 351)
(834, 351)
(836, 351)
(837, 351)
(838, 351)
(839, 351)
(840, 351)
(841, 351)
(862, 351)
(875, 351)
(832, 352)
(836, 352)
(837, 352)
(838, 352)
(839, 352)
(840, 352)
(841, 352)
(875, 352)
(812, 353)
(813, 353)
(814, 353)
(815, 353)
(819, 353)
(845, 353)
(846, 353)
(847, 353)
(848, 353)
(852, 353)
(864, 353)
(815, 354)
(823, 354)
(824, 354)
(836, 354)
(848, 354)
(875, 354)
(877, 354)
(814, 355)
(822, 355)
(824, 355)
(836, 355)
(847, 355)
(875, 355)
(877, 355)
(813, 356)
(821, 356)
(824, 356)
(836, 356)
(846, 356)
(875, 356)
(877, 356)
(798, 357)
(811, 357)
(792, 358)
(794, 358)
(810, 358)
(798, 359)
(809, 359)
(792, 360)
(794, 360)
(795, 360)
(808, 360)
(796, 361)
(797, 361)
(797, 362)
(798, 362)
(795, 363)
(797, 363)
(793, 364)
(794, 364)
(792, 365)
(793, 365)
(795, 365)
(790, 366)
(807, 366)
(789, 367)
(806, 367)
(788, 368)
(805, 368)
(799, 369)
(800, 369)
(801, 370)
(802, 370)
(787, 371)
(804, 371)
(918, 371)
(802, 372)
(800, 373)
(779, 374)
(780, 374)
(781, 374)
(782, 374)
(786, 374)
(794, 374)
(911, 374)
(912, 374)
(913, 374)
(914, 374)
(918, 374)
(785, 375)
(914, 375)
(784, 376)
(913, 376)
(783, 377)
(912, 377)
(786, 378)
(918, 378)
(935, 378)
(796, 379)
(809, 379)
(928, 379)
(933, 379)
(935, 379)
(936, 379)
(937, 379)
(938, 379)
(939, 379)
(940, 379)
(809, 380)
(931, 380)
(935, 380)
(936, 380)
(937, 380)
(938, 380)
(939, 380)
(940, 380)
(779, 381)
(780, 381)
(781, 381)
(782, 381)
(786, 381)
(798, 381)
(911, 381)
(912, 381)
(913, 381)
(914, 381)
(918, 381)
(782, 382)
(809, 382)
(811, 382)
(914, 382)
(922, 382)
(923, 382)
(935, 382)
(781, 383)
(809, 383)
(811, 383)
(913, 383)
(921, 383)
(923, 383)
(935, 383)
(780, 384)
(809, 384)
(811, 384)
(912, 384)
(920, 384)
(923, 384)
(935, 384)
(786, 385)
(803, 385)
(1088, 385)
(796, 386)
(801, 386)
(803, 386)
(804, 386)
(805, 386)
(806, 386)
(807, 386)
(808, 386)
(1087, 386)
(799, 387)
(803, 387)
(804, 387)
(805, 387)
(806, 387)
(807, 387)
(808, 387)
(1086, 387)
(779, 388)
(780, 388)
(781, 388)
(782, 388)
(786, 388)
(1085, 388)
(782, 389)
(790, 389)
(791, 389)
(803, 389)
(1084, 389)
(781, 390)
(789, 390)
(791, 390)
(803, 390)
(1083, 390)
(780, 391)
(788, 391)
(791, 391)
(803, 391)
(1082, 391)
(786, 392)
(1067, 392)
(1069, 392)
(1068, 393)
(1069, 393)
(1069, 394)
(779, 395)
(780, 395)
(781, 395)
(782, 395)
(786, 395)
(1065, 395)
(782, 396)
(1064, 396)
(1069, 396)
(781, 397)
(1063, 397)
(1069, 397)
(780, 398)
(1062, 398)
(1069, 398)
(765, 399)
(778, 399)
(759, 400)
(761, 400)
(777, 400)
(765, 401)
(776, 401)
(759, 402)
(761, 402)
(762, 402)
(775, 402)
(763, 403)
(764, 403)
(764, 404)
(765, 404)
(762, 405)
(764, 405)
(760, 406)
(761, 406)
(759, 407)
(760, 407)
(762, 407)
(757, 408)
(774, 408)
(756, 409)
(773, 409)
(755, 410)
(772, 410)
(766, 411)
(767, 411)
(768, 412)
(769, 412)
(753, 413)
(820, 413)
(837, 413)
(835, 414)
(833, 415)
(746, 416)
(747, 416)
(748, 416)
(749, 416)
(753, 416)
(812, 416)
(813, 416)
(814, 416)
(815, 416)
(819, 416)
(827, 416)
(749, 417)
(818, 417)
(748, 418)
(817, 418)
(747, 419)
(816, 419)
(753, 420)
(770, 420)
(819, 420)
(763, 421)
(768, 421)
(770, 421)
(771, 421)
(772, 421)
(773, 421)
(774, 421)
(775, 421)
(829, 421)
(842, 421)
(766, 422)
(770, 422)
(771, 422)
(772, 422)
(773, 422)
(774, 422)
(775, 422)
(842, 422)
(746, 423)
(747, 423)
(748, 423)
(749, 423)
(753, 423)
(812, 423)
(813, 423)
(814, 423)
(815, 423)
(819, 423)
(831, 423)
(749, 424)
(757, 424)
(758, 424)
(770, 424)
(815, 424)
(842, 424)
(844, 424)
(748, 425)
(756, 425)
(758, 425)
(770, 425)
(814, 425)
(842, 425)
(844, 425)
(747, 426)
(755, 426)
(758, 426)
(770, 426)
(813, 426)
(842, 426)
(844, 426)
(730, 427)
(745, 427)
(728, 428)
(743, 428)
(722, 429)
(724, 429)
(742, 429)
(730, 430)
(744, 430)
(728, 431)
(741, 431)
(722, 432)
(724, 432)
(725, 432)
(740, 432)
(729, 433)
(730, 433)
(726, 434)
(727, 434)
(727, 435)
(728, 435)
(725, 436)
(727, 436)
(723, 437)
(724, 437)
(722, 438)
(723, 438)
(725, 438)
(720, 439)
(739, 439)
(719, 440)
(738, 440)
(718, 441)
(737, 441)
(733, 442)
(734, 442)
(731, 443)
(732, 443)
(1057, 443)
(716, 444)
(1088, 444)
(729, 445)
(744, 445)
(1087, 445)
(744, 446)
(1086, 446)
(709, 447)
(710, 447)
(711, 447)
(712, 447)
(716, 447)
(730, 447)
(1085, 447)
(712, 448)
(744, 448)
(745, 448)
(1084, 448)
(711, 449)
(744, 449)
(745, 449)
(1083, 449)
(710, 450)
(744, 450)
(745, 450)
(1082, 450)
(703, 451)
(708, 451)
(704, 452)
(707, 452)
(703, 453)
(704, 453)
(704, 454)
(705, 454)
(702, 455)
(701, 456)
(706, 456)
(706, 457)
(707, 457)
(700, 458)
(706, 458)
(707, 458)
(699, 459)
(706, 459)
(707, 459)
(698, 460)
(706, 460)
(707, 460)
(684, 461)
(697, 461)
(678, 462)
(680, 462)
(696, 462)
(684, 463)
(695, 463)
(678, 464)
(680, 464)
(681, 464)
(694, 464)
(682, 465)
(683, 465)
(683, 466)
(684, 466)
(681, 467)
(683, 467)
(679, 468)
(680, 468)
(678, 469)
(679, 469)
(681, 469)
(676, 470)
(693, 470)
(675, 471)
(692, 471)
(674, 472)
(691, 472)
(685, 473)
(686, 473)
(687, 474)
(688, 474)
(651, 475)
(664, 475)
(645, 476)
(647, 476)
(663, 476)
(651, 477)
(662, 477)
(645, 478)
(647, 478)
(648, 478)
(661, 478)
(649, 479)
(650, 479)
(650, 480)
(651, 480)
(648, 481)
(650, 481)
(646, 482)
(647, 482)
(645, 483)
(646, 483)
(648, 483)
(643, 484)
(660, 484)
(642, 485)
(659, 485)
(641, 486)
(658, 486)
(652, 487)
(653, 487)
(654, 488)
(655, 488)
(639, 489)
(673, 489)
(690, 489)
(688, 490)
(686, 491)
(632, 492)
(633, 492)
(634, 492)
(635, 492)
(639, 492)
(665, 492)
(666, 492)
(667, 492)
(668, 492)
(672, 492)
(680, 492)
(635, 493)
(671, 493)
(634, 494)
(670, 494)
(633, 495)
(669, 495)
(639, 496)
(656, 496)
(672, 496)
(649, 497)
(654, 497)
(656, 497)
(657, 497)
(658, 497)
(659, 497)
(660, 497)
(661, 497)
(682, 497)
(695, 497)
(652, 498)
(656, 498)
(657, 498)
(658, 498)
(659, 498)
(660, 498)
(661, 498)
(695, 498)
(632, 499)
(633, 499)
(634, 499)
(635, 499)
(639, 499)
(665, 499)
(666, 499)
(667, 499)
(668, 499)
(672, 499)
(684, 499)
(635, 500)
(643, 500)
(644, 500)
(656, 500)
(668, 500)
(695, 500)
(697, 500)
(634, 501)
(642, 501)
(644, 501)
(656, 501)
(667, 501)
(695, 501)
(697, 501)
(633, 502)
(641, 502)
(644, 502)
(656, 502)
(666, 502)
(695, 502)
(697, 502)
(618, 503)
(631, 503)
(612, 504)
(614, 504)
(630, 504)
(618, 505)
(629, 505)
(612, 506)
(614, 506)
(615, 506)
(628, 506)
(616, 507)
(617, 507)
(617, 508)
(618, 508)
(615, 509)
(617, 509)
(613, 510)
(614, 510)
(612, 511)
(613, 511)
(615, 511)
(610, 512)
(627, 512)
(609, 513)
(626, 513)
(608, 514)
(625, 514)
(619, 515)
(620, 515)
(621, 516)
(622, 516)
(606, 517)
(640, 517)
(657, 517)
(655, 518)
(653, 519)
(599, 520)
(600, 520)
(601, 520)
(602, 520)
(606, 520)
(632, 520)
(633, 520)
(634, 520)
(635, 520)
(639, 520)
(647, 520)
(602, 521)
(638, 521)
(601, 522)
(637, 522)
(600, 523)
(636, 523)
(606, 524)
(623, 524)
(639, 524)
(616, 525)
(621, 525)
(623, 525)
(624, 525)
(625, 525)
(626, 525)
(627, 525)
(628, 525)
(649, 525)
(662, 525)
(619, 526)
(623, 526)
(624, 526)
(625, 526)
(626, 526)
(627, 526)
(628, 526)
(662, 526)
(599, 527)
(600, 527)
(601, 527)
(602, 527)
(606, 527)
(632, 527)
(633, 527)
(634, 527)
(635, 527)
(639, 527)
(651, 527)
(602, 528)
(610, 528)
(611, 528)
(623, 528)
(635, 528)
(662, 528)
(664, 528)
(601, 529)
(609, 529)
(611, 529)
(623, 529)
(634, 529)
(662, 529)
(664, 529)
(600, 530)
(608, 530)
(611, 530)
(623, 530)
(633, 530)
(662, 530)
(664, 530)
(585, 531)
(598, 531)
(579, 532)
(581, 532)
(597, 532)
(585, 533)
(596, 533)
(579, 534)
(581, 534)
(582, 534)
(595, 534)
(583, 535)
(584, 535)
(584, 536)
(585, 536)
(582, 537)
(584, 537)
(580, 538)
(581, 538)
(579, 539)
(580, 539)
(582, 539)
(577, 540)
(594, 540)
(576, 541)
(593, 541)
(575, 542)
(592, 542)
(586, 543)
(587, 543)
(588, 544)
(589, 544)
(573, 545)
(607, 545)
(624, 545)
(622, 546)
(620, 547)
(566, 548)
(567, 548)
(568, 548)
(569, 548)
(573, 548)
(599, 548)
(600, 548)
(601, 548)
(602, 548)
(606, 548)
(614, 548)
(569, 549)
(605, 549)
(568, 550)
(604, 550)
(567, 551)
(603, 551)
(573, 552)
(590, 552)
(606, 552)
(583, 553)
(588, 553)
(590, 553)
(591, 553)
(592, 553)
(593, 553)
(594, 553)
(595, 553)
(616, 553)
(629, 553)
(586, 554)
(590, 554)
(591, 554)
(592, 554)
(593, 554)
(594, 554)
(595, 554)
(629, 554)
(566, 555)
(567, 555)
(568, 555)
(569, 555)
(573, 555)
(599, 555)
(600, 555)
(601, 555)
(602, 555)
(606, 555)
(618, 555)
(569, 556)
(577, 556)
(578, 556)
(590, 556)
(602, 556)
(629, 556)
(631, 556)
(568, 557)
(576, 557)
(578, 557)
(590, 557)
(601, 557)
(629, 557)
(631, 557)
(567, 558)
(575, 558)
(578, 558)
(590, 558)
(600, 558)
(629, 558)
(631, 558)
(552, 559)
(565, 559)
(546, 560)
(548, 560)
(564, 560)
(552, 561)
(563, 561)
(546, 562)
(548, 562)
(549, 562)
(550, 563)
(551, 563)
(551, 564)
(552, 564)
(549, 565)
(551, 565)
(547, 566)
(546, 567)
(547, 567)
(549, 567)
(544, 568)
(561, 568)
(543, 569)
(560, 569)
(542, 570)
(559, 570)
(553, 571)
(554, 571)
(555, 572)
(556, 572)
(541, 573)
(558, 573)
(672, 573)
(556, 574)
(554, 575)
(533, 576)
(534, 576)
(535, 576)
(536, 576)
(540, 576)
(548, 576)
(665, 576)
(666, 576)
(667, 576)
(668, 576)
(672, 576)
(539, 577)
(668, 577)
(538, 578)
(667, 578)
(537, 579)
(666, 579)
(540, 580)
(672, 580)
(689, 580)
(550, 581)
(563, 581)
(682, 581)
(687, 581)
(689, 581)
(690, 581)
(691, 581)
(692, 581)
(693, 581)
(694, 581)
(563, 582)
(685, 582)
(689, 582)
(690, 582)
(691, 582)
(692, 582)
(693, 582)
(694, 582)
(533, 583)
(534, 583)
(536, 583)
(540, 583)
(552, 583)
(665, 583)
(666, 583)
(667, 583)
(668, 583)
(672, 583)
(563, 584)
(565, 584)
(668, 584)
(676, 584)
(677, 584)
(689, 584)
(535, 585)
(563, 585)
(565, 585)
(667, 585)
(675, 585)
(677, 585)
(689, 585)
(534, 586)
(563, 586)
(565, 586)
(666, 586)
(674, 586)
(677, 586)
(689, 586)
(540, 587)
(557, 587)
(974, 587)
(550, 588)
(555, 588)
(557, 588)
(558, 588)
(559, 588)
(560, 588)
(561, 588)
(562, 588)
(973, 588)
(553, 589)
(557, 589)
(558, 589)
(559, 589)
(560, 589)
(561, 589)
(562, 589)
(972, 589)
(533, 590)
(534, 590)
(535, 590)
(536, 590)
(540, 590)
(971, 590)
(536, 591)
(544, 591)
(545, 591)
(557, 591)
(970, 591)
(535, 592)
(543, 592)
(545, 592)
(557, 592)
(969, 592)
(534, 593)
(542, 593)
(545, 593)
(557, 593)
(968, 593)
(975, 593)
(992, 594)
(995, 594)
(995, 595)
(996, 595)
(534, 596)
(535, 596)
(536, 596)
(540, 596)
(990, 596)
(536, 597)
(989, 597)
(995, 597)
(996, 597)
(997, 597)
(535, 598)
(988, 598)
(995, 598)
(996, 598)
(997, 598)
(534, 599)
(987, 599)
(995, 599)
(996, 599)
(997, 599)
(519, 600)
(532, 600)
(513, 601)
(515, 601)
(531, 601)
(519, 602)
(530, 602)
(513, 603)
(515, 603)
(516, 603)
(529, 603)
(517, 604)
(518, 604)
(518, 605)
(519, 605)
(516, 606)
(518, 606)
(514, 607)
(515, 607)
(513, 608)
(516, 608)
(511, 609)
(528, 609)
(510, 610)
(527, 610)
(509, 611)
(526, 611)
(520, 612)
(521, 612)
(522, 613)
(523, 613)
(507, 614)
(574, 614)
(591, 614)
(589, 615)
(587, 616)
(500, 617)
(501, 617)
(502, 617)
(503, 617)
(566, 617)
(567, 617)
(568, 617)
(569, 617)
(573, 617)
(581, 617)
(572, 618)
(502, 619)
(571, 619)
(501, 620)
(570, 620)
(507, 621)
(524, 621)
(573, 621)
(517, 622)
(522, 622)
(524, 622)
(525, 622)
(526, 622)
(527, 622)
(528, 622)
(529, 622)
(583, 622)
(596, 622)
(520, 623)
(527, 623)
(596, 623)
(500, 624)
(501, 624)
(502, 624)
(503, 624)
(507, 624)
(566, 624)
(567, 624)
(568, 624)
(569, 624)
(573, 624)
(585, 624)
(503, 625)
(511, 625)
(512, 625)
(524, 625)
(569, 625)
(596, 625)
(598, 625)
(502, 626)
(510, 626)
(512, 626)
(524, 626)
(568, 626)
(596, 626)
(598, 626)
(501, 627)
(509, 627)
(524, 627)
(567, 627)
(596, 627)
(598, 627)
(508, 628)
(716, 628)
(523, 629)
(521, 630)
(500, 631)
(501, 631)
(502, 631)
(507, 631)
(515, 631)
(709, 631)
(710, 631)
(711, 631)
(712, 631)
(716, 631)
(506, 632)
(712, 632)
(505, 633)
(711, 633)
(504, 634)
(710, 634)
(507, 635)
(716, 635)
(735, 635)
(517, 636)
(530, 636)
(726, 636)
(729, 636)
(733, 636)
(735, 636)
(736, 636)
(737, 636)
(738, 636)
(739, 636)
(740, 636)
(530, 637)
(731, 637)
(735, 637)
(736, 637)
(737, 637)
(738, 637)
(739, 637)
(740, 637)
(500, 638)
(501, 638)
(502, 638)
(503, 638)
(507, 638)
(519, 638)
(709, 638)
(710, 638)
(711, 638)
(712, 638)
(716, 638)
(503, 639)
(530, 639)
(532, 639)
(712, 639)
(720, 639)
(721, 639)
(735, 639)
(502, 640)
(530, 640)
(532, 640)
(711, 640)
(719, 640)
(721, 640)
(735, 640)
(501, 641)
(530, 641)
(532, 641)
(710, 641)
(718, 641)
(721, 641)
(735, 641)
(486, 642)
(499, 642)
(480, 643)
(482, 643)
(498, 643)
(486, 644)
(497, 644)
(480, 645)
(482, 645)
(496, 645)
(484, 646)
(485, 646)
(485, 647)
(486, 647)
(485, 648)
(481, 649)
(482, 649)
(483, 650)
(478, 651)
(495, 651)
(477, 652)
(494, 652)
(476, 653)
(493, 653)
(487, 654)
(489, 655)
(490, 655)
(453, 656)
(466, 656)
(447, 657)
(449, 657)
(465, 657)
(453, 658)
(464, 658)
(447, 659)
(449, 659)
(450, 659)
(463, 659)
(451, 660)
(452, 660)
(452, 661)
(453, 661)
(450, 662)
(452, 662)
(448, 663)
(449, 663)
(447, 664)
(448, 664)
(450, 664)
(445, 665)
(462, 665)
(444, 666)
(461, 666)
(443, 667)
(460, 667)
(454, 668)
(455, 668)
(456, 669)
(457, 669)
(441, 670)
(475, 670)
(492, 670)
(490, 671)
(488, 672)
(434, 673)
(435, 673)
(436, 673)
(437, 673)
(441, 673)
(467, 673)
(468, 673)
(469, 673)
(470, 673)
(474, 673)
(482, 673)
(437, 674)
(473, 674)
(436, 675)
(472, 675)
(435, 676)
(471, 676)
(441, 677)
(458, 677)
(474, 677)
(451, 678)
(456, 678)
(458, 678)
(459, 678)
(460, 678)
(461, 678)
(463, 678)
(484, 678)
(497, 678)
(454, 679)
(458, 679)
(459, 679)
(460, 679)
(461, 679)
(462, 679)
(463, 679)
(497, 679)
(434, 680)
(435, 680)
(436, 680)
(437, 680)
(441, 680)
(467, 680)
(469, 680)
(470, 680)
(474, 680)
(486, 680)
(437, 681)
(445, 681)
(446, 681)
(458, 681)
(470, 681)
(497, 681)
(499, 681)
(436, 682)
(444, 682)
(446, 682)
(458, 682)
(469, 682)
(499, 682)
(435, 683)
(443, 683)
(446, 683)
(458, 683)
(468, 683)
(497, 683)
(499, 683)
(420, 684)
(433, 684)
(414, 685)
(416, 685)
(432, 685)
(420, 686)
(431, 686)
(414, 687)
(416, 687)
(417, 687)
(430, 687)
(418, 688)
(419, 688)
(419, 689)
(420, 689)
(417, 690)
(419, 690)
(415, 691)
(416, 691)
(414, 692)
(415, 692)
(417, 692)
(412, 693)
(429, 693)
(411, 694)
(428, 694)
(410, 695)
(427, 695)
(421, 696)
(422, 696)
(423, 697)
(424, 697)
(408, 698)
(442, 698)
(459, 698)
(457, 699)
(455, 700)
(401, 701)
(402, 701)
(403, 701)
(404, 701)
(408, 701)
(434, 701)
(435, 701)
(436, 701)
(437, 701)
(441, 701)
(449, 701)
(404, 702)
(440, 702)
(403, 703)
(439, 703)
(402, 704)
(438, 704)
(408, 705)
(425, 705)
(441, 705)
(418, 706)
(423, 706)
(425, 706)
(426, 706)
(427, 706)
(428, 706)
(429, 706)
(430, 706)
(451, 706)
(464, 706)
(421, 707)
(425, 707)
(426, 707)
(427, 707)
(428, 707)
(429, 707)
(430, 707)
(464, 707)
(401, 708)
(402, 708)
(403, 708)
(404, 708)
(408, 708)
(434, 708)
(435, 708)
(436, 708)
(437, 708)
(441, 708)
(453, 708)
(404, 709)
(412, 709)
(413, 709)
(425, 709)
(437, 709)
(464, 709)
(466, 709)
(403, 710)
(411, 710)
(413, 710)
(425, 710)
(436, 710)
(464, 710)
(466, 710)
(402, 711)
(410, 711)
(413, 711)
(425, 711)
(435, 711)
(464, 711)
(466, 711)
(387, 712)
(400, 712)
(381, 713)
(383, 713)
(399, 713)
(387, 714)
(398, 714)
(381, 715)
(383, 715)
(384, 715)
(397, 715)
(385, 716)
(386, 716)
(386, 717)
(387, 717)
(384, 718)
(386, 718)
(382, 719)
(383, 719)
(381, 720)
(382, 720)
(384, 720)
(379, 721)
(396, 721)
(378, 722)
(395, 722)
(377, 723)
(394, 723)
(390, 724)
(391, 724)
(388, 725)
(389, 725)
(1059, 725)
(375, 726)
(409, 726)
(426, 726)
(424, 727)
(422, 728)
(368, 729)
(369, 729)
(370, 729)
(371, 729)
(375, 729)
(401, 729)
(402, 729)
(403, 729)
(404, 729)
(408, 729)
(416, 729)
(371, 730)
(407, 730)
(370, 731)
(406, 731)
(369, 732)
(405, 732)
(375, 733)
(392, 733)
(408, 733)
(385, 734)
(390, 734)
(392, 734)
(393, 734)
(394, 734)
(395, 734)
(396, 734)
(397, 734)
(418, 734)
(431, 734)
(388, 735)
(392, 735)
(393, 735)
(394, 735)
(395, 735)
(396, 735)
(397, 735)
(431, 735)
(368, 736)
(369, 736)
(370, 736)
(371, 736)
(375, 736)
(401, 736)
(402, 736)
(403, 736)
(404, 736)
(408, 736)
(420, 736)
(371, 737)
(379, 737)
(380, 737)
(392, 737)
(404, 737)
(431, 737)
(433, 737)
(370, 738)
(378, 738)
(380, 738)
(392, 738)
(403, 738)
(431, 738)
(433, 738)
(369, 739)
(377, 739)
(380, 739)
(392, 739)
(402, 739)
(431, 739)
(433, 739)
(354, 740)
(367, 740)
(348, 741)
(350, 741)
(366, 741)
(354, 742)
(365, 742)
(348, 743)
(350, 743)
(351, 743)
(364, 743)
(352, 744)
(353, 744)
(353, 745)
(354, 745)
(351, 746)
(353, 746)
(349, 747)
(350, 747)
(348, 748)
(349, 748)
(351, 748)
(346, 749)
(363, 749)
(345, 750)
(362, 750)
(344, 751)
(361, 751)
(355, 752)
(356, 752)
(357, 753)
(358, 753)
(342, 754)
(376, 754)
(393, 754)
(391, 755)
(389, 756)
(335, 757)
(336, 757)
(337, 757)
(338, 757)
(342, 757)
(368, 757)
(369, 757)
(370, 757)
(371, 757)
(375, 757)
(383, 757)
(338, 758)
(374, 758)
(337, 759)
(373, 759)
(336, 760)
(372, 760)
(342, 761)
(359, 761)
(375, 761)
(352, 762)
(357, 762)
(359, 762)
(360, 762)
(361, 762)
(362, 762)
(363, 762)
(364, 762)
(385, 762)
(398, 762)
(355, 763)
(359, 763)
(360, 763)
(361, 763)
(362, 763)
(363, 763)
(364, 763)
(398, 763)
(335, 764)
(336, 764)
(337, 764)
(338, 764)
(342, 764)
(368, 764)
(369, 764)
(370, 764)
(371, 764)
(375, 764)
(387, 764)
(338, 765)
(346, 765)
(347, 765)
(359, 765)
(371, 765)
(398, 765)
(400, 765)
(337, 766)
(345, 766)
(347, 766)
(359, 766)
(370, 766)
(398, 766)
(400, 766)
(336, 767)
(344, 767)
(347, 767)
(359, 767)
(369, 767)
(398, 767)
(400, 767)
(321, 768)
(334, 768)
(315, 769)
(317, 769)
(333, 769)
(321, 770)
(332, 770)
(315, 771)
(317, 771)
(318, 771)
(331, 771)
(319, 772)
(320, 772)
(320, 773)
(321, 773)
(318, 774)
(320, 774)
(316, 775)
(317, 775)
(315, 776)
(316, 776)
(318, 776)
(313, 777)
(330, 777)
(312, 778)
(329, 778)
(311, 779)
(328, 779)
(322, 780)
(323, 780)
(324, 781)
(325, 781)
(288, 782)
(301, 782)
(282, 783)
(284, 783)
(300, 783)
(288, 784)
(299, 784)
(282, 785)
(284, 785)
(285, 785)
(298, 785)
(286, 786)
(287, 786)
(287, 787)
(288, 787)
(285, 788)
(287, 788)
(283, 789)
(284, 789)
(282, 790)
(283, 790)
(285, 790)
(280, 791)
(297, 791)
(279, 792)
(296, 792)
(278, 793)
(295, 793)
(289, 794)
(290, 794)
(291, 795)
(292, 795)
(276, 796)
(310, 796)
(327, 796)
(325, 797)
(323, 798)
(269, 799)
(270, 799)
(271, 799)
(272, 799)
(276, 799)
(302, 799)
(303, 799)
(304, 799)
(305, 799)
(309, 799)
(317, 799)
(272, 800)
(308, 800)
(271, 801)
(307, 801)
(270, 802)
(306, 802)
(276, 803)
(293, 803)
(309, 803)
(286, 804)
(291, 804)
(293, 804)
(294, 804)
(295, 804)
(296, 804)
(297, 804)
(298, 804)
(319, 804)
(332, 804)
(289, 805)
(293, 805)
(294, 805)
(295, 805)
(296, 805)
(297, 805)
(298, 805)
(332, 805)
(269, 806)
(270, 806)
(271, 806)
(272, 806)
(276, 806)
(302, 806)
(303, 806)
(304, 806)
(305, 806)
(309, 806)
(321, 806)
(272, 807)
(280, 807)
(281, 807)
(293, 807)
(305, 807)
(332, 807)
(334, 807)
(271, 808)
(279, 808)
(281, 808)
(293, 808)
(304, 808)
(332, 808)
(334, 808)
(270, 809)
(278, 809)
(281, 809)
(293, 809)
(303, 809)
(332, 809)
(334, 809)
(255, 810)
(268, 810)
(249, 811)
(251, 811)
(267, 811)
(255, 812)
(266, 812)
(249, 813)
(251, 813)
(252, 813)
(265, 813)
(253, 814)
(254, 814)
(254, 815)
(255, 815)
(252, 816)
(254, 816)
(250, 817)
(251, 817)
(249, 818)
(250, 818)
(252, 818)
(247, 819)
(264, 819)
(246, 820)
(263, 820)
(245, 821)
(262, 821)
(256, 822)
(257, 822)
(258, 823)
(259, 823)
(243, 824)
(277, 824)
(294, 824)
(292, 825)
(290, 826)
(236, 827)
(237, 827)
(238, 827)
(239, 827)
(243, 827)
(269, 827)
(270, 827)
(271, 827)
(272, 827)
(276, 827)
(284, 827)
(239, 828)
(275, 828)
(238, 829)
(274, 829)
(237, 830)
(273, 830)
(243, 831)
(260, 831)
(276, 831)
(253, 832)
(258, 832)
(260, 832)
(261, 832)
(262, 832)
(263, 832)
(264, 832)
(265, 832)
(286, 832)
(299, 832)
(256, 833)
(260, 833)
(261, 833)
(262, 833)
(263, 833)
(264, 833)
(265, 833)
(299, 833)
(236, 834)
(237, 834)
(238, 834)
(239, 834)
(243, 834)
(269, 834)
(270, 834)
(271, 834)
(272, 834)
(276, 834)
(288, 834)
(239, 835)
(247, 835)
(248, 835)
(260, 835)
(272, 835)
(299, 835)
(301, 835)
(238, 836)
(246, 836)
(248, 836)
(260, 836)
(271, 836)
(299, 836)
(301, 836)
(237, 837)
(245, 837)
(248, 837)
(260, 837)
(270, 837)
(299, 837)
(301, 837)
(222, 838)
(235, 838)
(216, 839)
(218, 839)
(234, 839)
(222, 840)
(233, 840)
(216, 841)
(218, 841)
(219, 841)
(232, 841)
(220, 842)
(221, 842)
(221, 843)
(222, 843)
(219, 844)
(221, 844)
(217, 845)
(218, 845)
(216, 846)
(217, 846)
(219, 846)
(214, 847)
(231, 847)
(213, 848)
(230, 848)
(212, 849)
(229, 849)
(223, 850)
(224, 850)
(225, 851)
(226, 851)
(210, 852)
(244, 852)
(261, 852)
(259, 853)
(257, 854)
(203, 855)
(204, 855)
(205, 855)
(206, 855)
(210, 855)
(236, 855)
(237, 855)
(238, 855)
(239, 855)
(243, 855)
(251, 855)
(206, 856)
(242, 856)
(205, 857)
(241, 857)
(204, 858)
(240, 858)
(210, 859)
(227, 859)
(243, 859)
(220, 860)
(225, 860)
(227, 860)
(228, 860)
(229, 860)
(230, 860)
(231, 860)
(232, 860)
(253, 860)
(266, 860)
(223, 861)
(227, 861)
(228, 861)
(229, 861)
(230, 861)
(231, 861)
(232, 861)
(266, 861)
(203, 862)
(204, 862)
(205, 862)
(206, 862)
(210, 862)
(236, 862)
(237, 862)
(238, 862)
(239, 862)
(243, 862)
(255, 862)
(206, 863)
(214, 863)
(215, 863)
(227, 863)
(239, 863)
(266, 863)
(268, 863)
(205, 864)
(213, 864)
(215, 864)
(227, 864)
(238, 864)
(266, 864)
(268, 864)
(204, 865)
(212, 865)
(215, 865)
(227, 865)
(237, 865)
(266, 865)
(268, 865)
(189, 866)
(202, 866)
(183, 867)
(185, 867)
(201, 867)
(189, 868)
(200, 868)
(183, 869)
(185, 869)
(186, 869)
(199, 869)
(187, 870)
(188, 870)
(188, 871)
(189, 871)
(186, 872)
(188, 872)
(184, 873)
(185, 873)
(183, 874)
(184, 874)
(186, 874)
(181, 875)
(198, 875)
(180, 876)
(197, 876)
(179, 877)
(196, 877)
(190, 878)
(191, 878)
(192, 879)
(193, 879)
(178, 880)
(195, 880)
(474, 880)
(193, 881)
(191, 882)
(170, 883)
(171, 883)
(172, 883)
(173, 883)
(177, 883)
(185, 883)
(467, 883)
(468, 883)
(469, 883)
(470, 883)
(474, 883)
(176, 884)
(470, 884)
(175, 885)
(469, 885)
(174, 886)
(468, 886)
(177, 887)
(474, 887)
(491, 887)
(187, 888)
(200, 888)
(484, 888)
(489, 888)
(491, 888)
(492, 888)
(493, 888)
(494, 888)
(495, 888)
(496, 888)
(200, 889)
(487, 889)
(491, 889)
(492, 889)
(493, 889)
(494, 889)
(495, 889)
(496, 889)
(170, 890)
(171, 890)
(172, 890)
(173, 890)
(177, 890)
(189, 890)
(467, 890)
(468, 890)
(469, 890)
(470, 890)
(474, 890)
(173, 891)
(200, 891)
(202, 891)
(470, 891)
(478, 891)
(479, 891)
(491, 891)
(172, 892)
(200, 892)
(202, 892)
(469, 892)
(477, 892)
(479, 892)
(491, 892)
(171, 893)
(200, 893)
(202, 893)
(468, 893)
(476, 893)
(479, 893)
(491, 893)
(156, 894)
(169, 894)
(150, 895)
(152, 895)
(168, 895)
(156, 896)
(167, 896)
(150, 897)
(152, 897)
(153, 897)
(166, 897)
(154, 898)
(155, 898)
(155, 899)
(156, 899)
(153, 900)
(155, 900)
(151, 901)
(152, 901)
(150, 902)
(151, 902)
(153, 902)
(148, 903)
(165, 903)
(147, 904)
(164, 904)
(146, 905)
(163, 905)
(157, 906)
(158, 906)
(159, 907)
(160, 907)
(144, 908)
(211, 908)
(228, 908)
(226, 909)
(224, 910)
(137, 911)
(138, 911)
(139, 911)
(140, 911)
(144, 911)
(203, 911)
(204, 911)
(205, 911)
(206, 911)
(210, 911)
(218, 911)
(140, 912)
(209, 912)
(139, 913)
(208, 913)
(138, 914)
(207, 914)
(144, 915)
(161, 915)
(210, 915)
(154, 916)
(159, 916)
(161, 916)
(162, 916)
(163, 916)
(164, 916)
(165, 916)
(166, 916)
(220, 916)
(233, 916)
(157, 917)
(161, 917)
(162, 917)
(163, 917)
(164, 917)
(165, 917)
(166, 917)
(233, 917)
(137, 918)
(138, 918)
(139, 918)
(144, 918)
(203, 918)
(204, 918)
(205, 918)
(206, 918)
(210, 918)
(222, 918)
(148, 919)
(149, 919)
(161, 919)
(206, 919)
(233, 919)
(235, 919)
(139, 920)
(147, 920)
(149, 920)
(161, 920)
(205, 920)
(233, 920)
(235, 920)
(146, 921)
(149, 921)
(161, 921)
(204, 921)
(233, 921)
(235, 921)
(123, 922)
(136, 922)
(117, 923)
(119, 923)
(135, 923)
(123, 924)
(134, 924)
(117, 925)
(119, 925)
(120, 925)
(133, 925)
(121, 926)
(122, 926)
(122, 927)
(123, 927)
(120, 928)
(122, 928)
(118, 929)
(119, 929)
(117, 930)
(118, 930)
(120, 930)
(115, 931)
(132, 931)
(114, 932)
(131, 932)
(113, 933)
(130, 933)
(124, 934)
(125, 934)
(126, 935)
(127, 935)
(111, 936)
(343, 936)
(360, 936)
(358, 937)
(356, 938)
(104, 939)
(105, 939)
(106, 939)
(107, 939)
(111, 939)
(335, 939)
(336, 939)
(337, 939)
(338, 939)
(342, 939)
(350, 939)
(107, 940)
(341, 940)
(106, 941)
(340, 941)
(105, 942)
(339, 942)
(111, 943)
(128, 943)
(342, 943)
(121, 944)
(126, 944)
(128, 944)
(129, 944)
(130, 944)
(131, 944)
(132, 944)
(133, 944)
(352, 944)
(365, 944)
(124, 945)
(128, 945)
(129, 945)
(130, 945)
(131, 945)
(132, 945)
(133, 945)
(365, 945)
(104, 946)
(105, 946)
(106, 946)
(107, 946)
(111, 946)
(335, 946)
(336, 946)
(337, 946)
(338, 946)
(342, 946)
(354, 946)
(107, 947)
(115, 947)
(116, 947)
(128, 947)
(338, 947)
(365, 947)
(367, 947)
(106, 948)
(114, 948)
(116, 948)
(128, 948)
(337, 948)
(365, 948)
(367, 948)
(105, 949)
(113, 949)
(116, 949)
(128, 949)
(336, 949)
(365, 949)
(367, 949)
(112, 950)
(129, 950)
(309, 950)
(127, 951)
(125, 952)
(104, 953)
(105, 953)
(106, 953)
(107, 953)
(111, 953)
(119, 953)
(302, 953)
(303, 953)
(304, 953)
(305, 953)
(309, 953)
(110, 954)
(305, 954)
(109, 955)
(304, 955)
(108, 956)
(303, 956)
(111, 957)
(309, 957)
(326, 957)
(121, 958)
(134, 958)
(319, 958)
(324, 958)
(326, 958)
(327, 958)
(328, 958)
(329, 958)
(330, 958)
(331, 958)
(134, 959)
(322, 959)
(326, 959)
(327, 959)
(328, 959)
(329, 959)
(330, 959)
(331, 959)
(104, 960)
(105, 960)
(106, 960)
(107, 960)
(111, 960)
(123, 960)
(302, 960)
(303, 960)
(304, 960)
(305, 960)
(309, 960)
(107, 961)
(134, 961)
(136, 961)
(305, 961)
(313, 961)
(314, 961)
(326, 961)
(106, 962)
(134, 962)
(136, 962)
(304, 962)
(312, 962)
(314, 962)
(326, 962)
(105, 963)
(134, 963)
(136, 963)
(303, 963)
(311, 963)
(314, 963)
(326, 963)
(111, 964)
(1078, 964)
(1078, 965)
(1079, 965)
(1080, 965)
(1081, 965)
(104, 966)
(107, 966)
(1076, 966)
(1077, 966)
(1078, 966)
(104, 967)
(106, 967)
(1075, 967)
(1077, 967)
(1078, 967)
(104, 968)
(105, 968)
(1074, 968)
(1077, 968)
(1078, 968)
(88, 969)
(103, 969)
(82, 970)
(84, 970)
(102, 970)
(88, 971)
(101, 971)
(82, 972)
(84, 972)
(85, 972)
(100, 972)
(86, 973)
(87, 973)
(87, 974)
(88, 974)
(85, 975)
(87, 975)
(83, 976)
(84, 976)
(82, 977)
(83, 977)
(85, 977)
(80, 978)
(99, 978)
(79, 979)
(98, 979)
(78, 980)
(97, 980)
(89, 981)
(90, 981)
(91, 981)
(92, 982)
(93, 982)
(94, 982)
(75, 983)
(77, 983)
(1067, 983)
(94, 984)
(1068, 984)
(91, 985)
(65, 986)
(66, 986)
(67, 986)
(68, 986)
(75, 986)
(1065, 986)
(1066, 986)
(68, 987)
(74, 987)
(1064, 987)
(67, 988)
(73, 988)
(1063, 988)
(66, 989)
(72, 989)
(1062, 989)
(76, 990)
(96, 990)
(177, 990)
(93, 991)
(90, 992)
(65, 993)
(66, 993)
(67, 993)
(68, 993)
(75, 993)
(84, 993)
(170, 993)
(171, 993)
(172, 993)
(173, 993)
(177, 993)
(71, 994)
(173, 994)
(70, 995)
(172, 995)
(69, 996)
(171, 996)
(75, 997)
(95, 997)
(716, 997)
(86, 998)
(92, 998)
(95, 998)
(96, 998)
(97, 998)
(98, 998)
(99, 998)
(100, 998)
(726, 998)
(741, 998)
(89, 999)
(95, 999)
(96, 999)
(97, 999)
(98, 999)
(99, 999)
(100, 999)
(741, 999)
(65, 1000)
(66, 1000)
(67, 1000)
(68, 1000)
(75, 1000)
(709, 1000)
(710, 1000)
(711, 1000)
(712, 1000)
(716, 1000)
(728, 1000)
(68, 1001)
(80, 1001)
(81, 1001)
(95, 1001)
(712, 1001)
(741, 1001)
(743, 1001)
(67, 1002)
(79, 1002)
(81, 1002)
(95, 1002)
(711, 1002)
(741, 1002)
(743, 1002)
(66, 1003)
(78, 1003)
(81, 1003)
(95, 1003)
(710, 1003)
(741, 1003)
(743, 1003)
(75, 1004)
(717, 1004)
(736, 1004)
(734, 1005)
(732, 1006)
(65, 1007)
(66, 1007)
(67, 1007)
(68, 1007)
(75, 1007)
(709, 1007)
(710, 1007)
(711, 1007)
(712, 1007)
(716, 1007)
(724, 1007)
(68, 1008)
(715, 1008)
(67, 1009)
(714, 1009)
(66, 1010)
(713, 1010)
(75, 1011)
(177, 1011)
(194, 1011)
(86, 1012)
(101, 1012)
(187, 1012)
(192, 1012)
(194, 1012)
(195, 1012)
(197, 1012)
(198, 1012)
(199, 1012)
(101, 1013)
(190, 1013)
(194, 1013)
(195, 1013)
(197, 1013)
(198, 1013)
(199, 1013)
(65, 1014)
(66, 1014)
(67, 1014)
(68, 1014)
(75, 1014)
(88, 1014)
(170, 1014)
(171, 1014)
(172, 1014)
(173, 1014)
(177, 1014)
(68, 1015)
(101, 1015)
(103, 1015)
(173, 1015)
(181, 1015)
(182, 1015)
(194, 1015)
(67, 1016)
(101, 1016)
(103, 1016)
(172, 1016)
(180, 1016)
(182, 1016)
(194, 1016)
(66, 1017)
(101, 1017)
(103, 1017)
(171, 1017)
(182, 1017)
(194, 1017)
(62, 1018)
(63, 1018)
(64, 1018)
(63, 1019)
(704, 1019)
(61, 1020)
(1055, 1020)
(60, 1021)
(701, 1021)
(59, 1022)
(705, 1022)
(58, 1023)
(57, 1024)
(700, 1024)
(702, 1024)
(703, 1024)
(708, 1024)
(56, 1025)
(699, 1025)
(702, 1025)
(703, 1025)
(708, 1025)
(55, 1026)
(698, 1026)
(702, 1026)
(703, 1026)
(708, 1026)
(52, 1027)
(53, 1027)
(54, 1027)
(52, 1028)
(1055, 1028)
(39, 1029)
(40, 1029)
(39, 1030)
(51, 1030)
(39, 1031)
(42, 1031)
(50, 1031)
(37, 1032)
(49, 1032)
(36, 1033)
(48, 1033)
(35, 1034)
(47, 1034)
(41, 1035)
(42, 1035)
(43, 1036)
(44, 1036)
(26, 1037)
(31, 1037)
(32, 1037)
(33, 1037)
(34, 1037)
(40, 1038)
(42, 1038)
(954, 1038)
(30, 1039)
(31, 1039)
(952, 1039)
(42, 1040)
(45, 1040)
(46, 1040)
(47, 1040)
(48, 1040)
(49, 1040)
(50, 1040)
(951, 1040)
(44, 1041)
(45, 1041)
(46, 1041)
(47, 1041)
(48, 1041)
(49, 1041)
(50, 1041)
(950, 1041)
(29, 1042)
(34, 1042)
(949, 1042)
(953, 1042)
(28, 1043)
(33, 1043)
(948, 1043)
(953, 1043)
(27, 1044)
(32, 1044)
(947, 1044)
(953, 1044)
(30, 1045)
(46, 1045)
(753, 1045)
(41, 1046)
(763, 1046)
(776, 1046)
(43, 1047)
(776, 1047)
(26, 1048)
(27, 1048)
(28, 1048)
(29, 1048)
(30, 1048)
(746, 1048)
(747, 1048)
(748, 1048)
(749, 1048)
(753, 1048)
(765, 1048)
(29, 1049)
(37, 1049)
(38, 1049)
(46, 1049)
(749, 1049)
(776, 1049)
(778, 1049)
(28, 1050)
(36, 1050)
(38, 1050)
(46, 1050)
(748, 1050)
(776, 1050)
(778, 1050)
(27, 1051)
(35, 1051)
(38, 1051)
(46, 1051)
(747, 1051)
(776, 1051)
(778, 1051)
(30, 1052)
(754, 1052)
(771, 1052)
(769, 1053)
(767, 1054)
(26, 1055)
(27, 1055)
(28, 1055)
(29, 1055)
(30, 1055)
(746, 1055)
(747, 1055)
(748, 1055)
(749, 1055)
(753, 1055)
(761, 1055)
(29, 1056)
(752, 1056)
(28, 1057)
(751, 1057)
(27, 1058)
(750, 1058)
(13, 1059)
(14, 1059)
(13, 1060)
(25, 1060)
(13, 1061)
(16, 1061)
(24, 1061)
(11, 1062)
(23, 1062)
(10, 1063)
(22, 1063)
(9, 1064)
(21, 1064)
(15, 1065)
(16, 1065)
(17, 1066)
(18, 1066)
(0, 1067)
(5, 1067)
(6, 1067)
(7, 1067)
(8, 1067)
(14, 1068)
(16, 1068)
(62, 1068)
(4, 1069)
(5, 1069)
(60, 1069)
(16, 1070)
(19, 1070)
(20, 1070)
(21, 1070)
(22, 1070)
(23, 1070)
(24, 1070)
(59, 1070)
(18, 1071)
(19, 1071)
(20, 1071)
(21, 1071)
(22, 1071)
(23, 1071)
(24, 1071)
(58, 1071)
(3, 1072)
(8, 1072)
(57, 1072)
(61, 1072)
(2, 1073)
(7, 1073)
(56, 1073)
(61, 1073)
(1, 1074)
(6, 1074)
(55, 1074)
(61, 1074)
(4, 1075)
(20, 1075)
(144, 1075)
(15, 1076)
(154, 1076)
(167, 1076)
(17, 1077)
(167, 1077)
(0, 1078)
(1, 1078)
(2, 1078)
(3, 1078)
(4, 1078)
(137, 1078)
(138, 1078)
(139, 1078)
(140, 1078)
(144, 1078)
(156, 1078)
(3, 1079)
(11, 1079)
(12, 1079)
(20, 1079)
(140, 1079)
(167, 1079)
(169, 1079)
(2, 1080)
(10, 1080)
(12, 1080)
(20, 1080)
(139, 1080)
(167, 1080)
(169, 1080)
(1, 1081)
(9, 1081)
(12, 1081)
(20, 1081)
(138, 1081)
(167, 1081)
(169, 1081)
(4, 1082)
(145, 1082)
(162, 1082)
(160, 1083)
(158, 1084)
(0, 1085)
(1, 1085)
(2, 1085)
(3, 1085)
(4, 1085)
(137, 1085)
(138, 1085)
(139, 1085)
(140, 1085)
(144, 1085)
(152, 1085)
(3, 1086)
(143, 1086)
(2, 1087)
(142, 1087)
(1, 1088)
(141, 1088)
