(1, 0)
(33, 0)
(34, 0)
(2, 1)
(33, 1)
(34, 1)
(35, 1)
(3, 2)
(34, 2)
(35, 2)
(36, 2)
(4, 3)
(35, 3)
(36, 3)
(37, 3)
(5, 4)
(36, 4)
(37, 4)
(38, 4)
(6, 5)
(37, 5)
(38, 5)
(39, 5)
(7, 6)
(38, 6)
(39, 6)
(40, 6)
(8, 7)
(39, 7)
(40, 7)
(41, 7)
(9, 8)
(40, 8)
(41, 8)
(42, 8)
(10, 9)
(41, 9)
(42, 9)
(43, 9)
(11, 10)
(42, 10)
(43, 10)
(44, 10)
(43, 11)
(44, 11)
(13, 12)
(45, 12)
(46, 12)
(14, 13)
(45, 13)
(46, 13)
(47, 13)
(15, 14)
(46, 14)
(47, 14)
(48, 14)
(16, 15)
(47, 15)
(48, 15)
(49, 15)
(17, 16)
(48, 16)
(49, 16)
(50, 16)
(49, 17)
(50, 17)
(51, 18)
(20, 19)
(52, 19)
(53, 19)
(21, 20)
(52, 20)
(53, 20)
(54, 20)
(22, 21)
(53, 21)
(54, 21)
(55, 21)
(23, 22)
(54, 22)
(55, 22)
(56, 22)
(24, 23)
(55, 23)
(56, 23)
(57, 23)
(25, 24)
(56, 24)
(57, 24)
(58, 24)
(57, 25)
(58, 25)
(59, 26)
(28, 27)
(60, 27)
(61, 27)
(29, 28)
(60, 28)
(61, 28)
(62, 28)
(30, 29)
(32, 29)
(61, 29)
(62, 29)
(63, 29)
(65, 29)
(31, 30)
(62, 30)
(63, 30)
(64, 30)
(63, 31)
(64, 31)
(62, 32)
(65, 32)
(34, 33)
(66, 33)
(67, 33)
(35, 34)
(66, 34)
(67, 34)
(68, 34)
(36, 35)
(67, 35)
(68, 35)
(69, 35)
(37, 36)
(68, 36)
(69, 36)
(70, 36)
(38, 37)
(69, 37)
(70, 37)
(71, 37)
(39, 38)
(70, 38)
(71, 38)
(72, 38)
(40, 39)
(71, 39)
(72, 39)
(73, 39)
(41, 40)
(72, 40)
(73, 40)
(74, 40)
(42, 41)
(73, 41)
(74, 41)
(75, 41)
(43, 42)
(74, 42)
(75, 42)
(76, 42)
(44, 43)
(75, 43)
(76, 43)
(77, 43)
(76, 44)
(77, 44)
(46, 45)
(78, 45)
(79, 45)
(47, 46)
(78, 46)
(79, 46)
(80, 46)
(48, 47)
(79, 47)
(80, 47)
(81, 47)
(49, 48)
(80, 48)
(81, 48)
(82, 48)
(50, 49)
(81, 49)
(82, 49)
(83, 49)
(82, 50)
(83, 50)
(84, 51)
(53, 52)
(85, 52)
(86, 52)
(54, 53)
(85, 53)
(86, 53)
(87, 53)
(55, 54)
(86, 54)
(87, 54)
(88, 54)
(56, 55)
(87, 55)
(88, 55)
(89, 55)
(57, 56)
(88, 56)
(89, 56)
(90, 56)
(58, 57)
(89, 57)
(90, 57)
(91, 57)
(90, 58)
(91, 58)
(92, 59)
(61, 60)
(93, 60)
(94, 60)
(62, 61)
(93, 61)
(94, 61)
(95, 61)
(63, 62)
(65, 62)
(94, 62)
(95, 62)
(96, 62)
(98, 62)
(64, 63)
(95, 63)
(96, 63)
(97, 63)
(96, 64)
(97, 64)
(95, 65)
(98, 65)
(67, 66)
(99, 66)
(100, 66)
(68, 67)
(99, 67)
(100, 67)
(101, 67)
(69, 68)
(100, 68)
(101, 68)
(102, 68)
(70, 69)
(101, 69)
(102, 69)
(103, 69)
(71, 70)
(102, 70)
(103, 70)
(104, 70)
(72, 71)
(103, 71)
(104, 71)
(105, 71)
(73, 72)
(104, 72)
(105, 72)
(106, 72)
(74, 73)
(105, 73)
(106, 73)
(107, 73)
(75, 74)
(106, 74)
(107, 74)
(108, 74)
(76, 75)
(107, 75)
(108, 75)
(109, 75)
(77, 76)
(108, 76)
(109, 76)
(110, 76)
(109, 77)
(110, 77)
(79, 78)
(111, 78)
(112, 78)
(80, 79)
(111, 79)
(112, 79)
(113, 79)
(81, 80)
(112, 80)
(113, 80)
(114, 80)
(82, 81)
(113, 81)
(114, 81)
(115, 81)
(83, 82)
(114, 82)
(115, 82)
(116, 82)
(115, 83)
(116, 83)
(117, 84)
(86, 85)
(118, 85)
(119, 85)
(87, 86)
(118, 86)
(119, 86)
(120, 86)
(88, 87)
(119, 87)
(120, 87)
(121, 87)
(89, 88)
(120, 88)
(121, 88)
(122, 88)
(90, 89)
(121, 89)
(122, 89)
(123, 89)
(91, 90)
(122, 90)
(123, 90)
(124, 90)
(123, 91)
(124, 91)
(125, 92)
(94, 93)
(126, 93)
(127, 93)
(95, 94)
(126, 94)
(127, 94)
(128, 94)
(96, 95)
(98, 95)
(127, 95)
(128, 95)
(129, 95)
(131, 95)
(97, 96)
(128, 96)
(129, 96)
(130, 96)
(129, 97)
(130, 97)
(128, 98)
(131, 98)
(100, 99)
(132, 99)
(133, 99)
(101, 100)
(132, 100)
(133, 100)
(134, 100)
(102, 101)
(133, 101)
(134, 101)
(135, 101)
(103, 102)
(134, 102)
(135, 102)
(136, 102)
(104, 103)
(135, 103)
(136, 103)
(137, 103)
(105, 104)
(136, 104)
(137, 104)
(138, 104)
(106, 105)
(137, 105)
(138, 105)
(139, 105)
(107, 106)
(138, 106)
(139, 106)
(140, 106)
(108, 107)
(139, 107)
(140, 107)
(141, 107)
(109, 108)
(140, 108)
(141, 108)
(142, 108)
(110, 109)
(141, 109)
(142, 109)
(143, 109)
(142, 110)
(143, 110)
(112, 111)
(144, 111)
(145, 111)
(113, 112)
(144, 112)
(145, 112)
(146, 112)
(114, 113)
(145, 113)
(146, 113)
(147, 113)
(115, 114)
(146, 114)
(147, 114)
(148, 114)
(116, 115)
(147, 115)
(148, 115)
(149, 115)
(148, 116)
(149, 116)
(150, 117)
(119, 118)
(151, 118)
(152, 118)
(120, 119)
(151, 119)
(152, 119)
(153, 119)
(121, 120)
(152, 120)
(153, 120)
(154, 120)
(122, 121)
(153, 121)
(154, 121)
(155, 121)
(123, 122)
(154, 122)
(155, 122)
(156, 122)
(124, 123)
(155, 123)
(156, 123)
(157, 123)
(156, 124)
(157, 124)
(158, 125)
(127, 126)
(159, 126)
(160, 126)
(128, 127)
(159, 127)
(160, 127)
(161, 127)
(129, 128)
(131, 128)
(160, 128)
(161, 128)
(162, 128)
(164, 128)
(130, 129)
(161, 129)
(162, 129)
(163, 129)
(162, 130)
(163, 130)
(161, 131)
(164, 131)
(133, 132)
(165, 132)
(166, 132)
(134, 133)
(165, 133)
(166, 133)
(167, 133)
(135, 134)
(166, 134)
(167, 134)
(168, 134)
(136, 135)
(167, 135)
(168, 135)
(169, 135)
(137, 136)
(168, 136)
(169, 136)
(170, 136)
(138, 137)
(169, 137)
(170, 137)
(171, 137)
(139, 138)
(170, 138)
(171, 138)
(172, 138)
(140, 139)
(171, 139)
(172, 139)
(173, 139)
(141, 140)
(172, 140)
(173, 140)
(174, 140)
(142, 141)
(173, 141)
(174, 141)
(175, 141)
(143, 142)
(174, 142)
(175, 142)
(176, 142)
(175, 143)
(176, 143)
(145, 144)
(177, 144)
(178, 144)
(146, 145)
(177, 145)
(178, 145)
(179, 145)
(147, 146)
(178, 146)
(179, 146)
(180, 146)
(148, 147)
(179, 147)
(180, 147)
(181, 147)
(149, 148)
(180, 148)
(181, 148)
(182, 148)
(181, 149)
(182, 149)
(183, 150)
(152, 151)
(184, 151)
(185, 151)
(153, 152)
(184, 152)
(185, 152)
(186, 152)
(154, 153)
(185, 153)
(186, 153)
(187, 153)
(155, 154)
(186, 154)
(187, 154)
(188, 154)
(156, 155)
(187, 155)
(188, 155)
(189, 155)
(157, 156)
(188, 156)
(189, 156)
(190, 156)
(189, 157)
(190, 157)
(191, 158)
(160, 159)
(192, 159)
(193, 159)
(161, 160)
(192, 160)
(193, 160)
(194, 160)
(162, 161)
(164, 161)
(193, 161)
(194, 161)
(195, 161)
(197, 161)
(163, 162)
(194, 162)
(195, 162)
(196, 162)
(195, 163)
(196, 163)
(194, 164)
(197, 164)
(166, 165)
(167, 166)
(168, 167)
(169, 168)
(170, 169)
(171, 170)
(172, 171)
(173, 172)
(174, 173)
(175, 174)
(176, 175)
(178, 177)
(179, 178)
(180, 179)
(181, 180)
(182, 181)
(185, 184)
(186, 185)
(187, 186)
(188, 187)
(189, 188)
(190, 189)
(193, 192)
(194, 193)
(195, 194)
(197, 194)
(196, 195)
