(1, 0)
(2, 0)
(3, 0)
(4, 0)
(6, 0)
(12, 0)
(14, 0)
(18, 0)
(21, 0)
(24, 0)
(25, 0)
(31, 0)
(32, 0)
(33, 0)
(44, 0)
(46, 0)
(48, 0)
(50, 0)
(52, 0)
(56, 0)
(64, 0)
(71, 0)
(72, 0)
(77, 0)
(90, 0)
(96, 0)
(104, 0)
(105, 0)
(114, 0)
(118, 0)
(132, 0)
(146, 0)
(165, 0)
(167, 0)
(178, 0)
(183, 0)
(187, 0)
(193, 0)
(204, 0)
(218, 0)
(233, 0)
(236, 0)
(288, 0)
(294, 0)
(313, 0)
(317, 0)
(321, 0)
(333, 0)
(343, 0)
(344, 0)
(352, 0)
(369, 0)
(373, 0)
(399, 0)
(412, 0)
(439, 0)
(462, 0)
(476, 0)
(486, 0)
(487, 0)
(507, 0)
(517, 0)
(542, 0)
(547, 0)
(553, 0)
(557, 0)
(575, 0)
(641, 0)
(672, 0)
(687, 0)
(707, 0)
(714, 0)
(722, 0)
(734, 0)
(741, 0)
(769, 0)
(782, 0)
(798, 0)
(2, 1)
(3, 1)
(4, 1)
(5, 1)
(6, 1)
(7, 1)
(10, 1)
(13, 1)
(15, 1)
(22, 1)
(23, 1)
(25, 1)
(27, 1)
(31, 1)
(34, 1)
(35, 1)
(37, 1)
(39, 1)
(46, 1)
(47, 1)
(57, 1)
(62, 1)
(63, 1)
(66, 1)
(73, 1)
(75, 1)
(82, 1)
(85, 1)
(93, 1)
(100, 1)
(113, 1)
(124, 1)
(127, 1)
(147, 1)
(151, 1)
(164, 1)
(173, 1)
(195, 1)
(202, 1)
(218, 1)
(219, 1)
(222, 1)
(238, 1)
(243, 1)
(289, 1)
(297, 1)
(304, 1)
(305, 1)
(313, 1)
(325, 1)
(349, 1)
(355, 1)
(367, 1)
(368, 1)
(383, 1)
(402, 1)
(416, 1)
(426, 1)
(432, 1)
(453, 1)
(480, 1)
(492, 1)
(524, 1)
(547, 1)
(549, 1)
(554, 1)
(575, 1)
(583, 1)
(587, 1)
(590, 1)
(599, 1)
(610, 1)
(635, 1)
(689, 1)
(708, 1)
(720, 1)
(725, 1)
(728, 1)
(732, 1)
(735, 1)
(756, 1)
(767, 1)
(782, 1)
(792, 1)
(795, 1)
(3, 2)
(4, 2)
(5, 2)
(8, 2)
(9, 2)
(13, 2)
(16, 2)
(18, 2)
(19, 2)
(22, 2)
(23, 2)
(25, 2)
(31, 2)
(32, 2)
(37, 2)
(40, 2)
(42, 2)
(44, 2)
(48, 2)
(49, 2)
(54, 2)
(59, 2)
(61, 2)
(62, 2)
(64, 2)
(79, 2)
(85, 2)
(91, 2)
(94, 2)
(100, 2)
(108, 2)
(110, 2)
(125, 2)
(140, 2)
(146, 2)
(148, 2)
(157, 2)
(164, 2)
(166, 2)
(167, 2)
(170, 2)
(171, 2)
(184, 2)
(193, 2)
(197, 2)
(205, 2)
(209, 2)
(225, 2)
(226, 2)
(258, 2)
(260, 2)
(265, 2)
(276, 2)
(297, 2)
(300, 2)
(324, 2)
(348, 2)
(370, 2)
(390, 2)
(394, 2)
(405, 2)
(412, 2)
(431, 2)
(432, 2)
(439, 2)
(461, 2)
(478, 2)
(516, 2)
(526, 2)
(528, 2)
(554, 2)
(560, 2)
(607, 2)
(609, 2)
(632, 2)
(640, 2)
(655, 2)
(667, 2)
(668, 2)
(673, 2)
(685, 2)
(686, 2)
(699, 2)
(702, 2)
(720, 2)
(731, 2)
(741, 2)
(4, 3)
(5, 3)
(6, 3)
(7, 3)
(8, 3)
(9, 3)
(11, 3)
(14, 3)
(16, 3)
(17, 3)
(20, 3)
(21, 3)
(22, 3)
(23, 3)
(26, 3)
(27, 3)
(28, 3)
(31, 3)
(32, 3)
(37, 3)
(46, 3)
(47, 3)
(50, 3)
(53, 3)
(84, 3)
(85, 3)
(91, 3)
(98, 3)
(99, 3)
(105, 3)
(118, 3)
(122, 3)
(124, 3)
(126, 3)
(138, 3)
(139, 3)
(145, 3)
(146, 3)
(148, 3)
(151, 3)
(155, 3)
(162, 3)
(169, 3)
(173, 3)
(174, 3)
(175, 3)
(176, 3)
(178, 3)
(188, 3)
(190, 3)
(195, 3)
(198, 3)
(211, 3)
(213, 3)
(236, 3)
(240, 3)
(246, 3)
(259, 3)
(260, 3)
(267, 3)
(274, 3)
(280, 3)
(283, 3)
(287, 3)
(313, 3)
(325, 3)
(355, 3)
(359, 3)
(361, 3)
(372, 3)
(374, 3)
(376, 3)
(377, 3)
(388, 3)
(398, 3)
(401, 3)
(402, 3)
(406, 3)
(407, 3)
(408, 3)
(411, 3)
(433, 3)
(441, 3)
(445, 3)
(448, 3)
(454, 3)
(462, 3)
(476, 3)
(496, 3)
(504, 3)
(506, 3)
(510, 3)
(511, 3)
(524, 3)
(540, 3)
(551, 3)
(556, 3)
(563, 3)
(576, 3)
(581, 3)
(594, 3)
(607, 3)
(615, 3)
(620, 3)
(636, 3)
(642, 3)
(668, 3)
(673, 3)
(675, 3)
(679, 3)
(680, 3)
(699, 3)
(727, 3)
(728, 3)
(733, 3)
(763, 3)
(773, 3)
(796, 3)
(5, 4)
(6, 4)
(7, 4)
(8, 4)
(10, 4)
(12, 4)
(13, 4)
(14, 4)
(15, 4)
(16, 4)
(18, 4)
(19, 4)
(20, 4)
(21, 4)
(24, 4)
(26, 4)
(30, 4)
(34, 4)
(36, 4)
(39, 4)
(41, 4)
(42, 4)
(43, 4)
(44, 4)
(46, 4)
(47, 4)
(49, 4)
(51, 4)
(54, 4)
(57, 4)
(60, 4)
(68, 4)
(71, 4)
(72, 4)
(75, 4)
(76, 4)
(82, 4)
(84, 4)
(90, 4)
(91, 4)
(97, 4)
(103, 4)
(106, 4)
(111, 4)
(114, 4)
(126, 4)
(151, 4)
(154, 4)
(159, 4)
(161, 4)
(169, 4)
(171, 4)
(183, 4)
(186, 4)
(199, 4)
(209, 4)
(212, 4)
(214, 4)
(227, 4)
(242, 4)
(250, 4)
(263, 4)
(266, 4)
(269, 4)
(277, 4)
(290, 4)
(292, 4)
(308, 4)
(341, 4)
(348, 4)
(352, 4)
(354, 4)
(355, 4)
(365, 4)
(366, 4)
(369, 4)
(382, 4)
(403, 4)
(421, 4)
(429, 4)
(434, 4)
(439, 4)
(451, 4)
(452, 4)
(461, 4)
(462, 4)
(464, 4)
(477, 4)
(481, 4)
(483, 4)
(493, 4)
(495, 4)
(513, 4)
(525, 4)
(530, 4)
(532, 4)
(582, 4)
(591, 4)
(621, 4)
(625, 4)
(626, 4)
(639, 4)
(647, 4)
(648, 4)
(658, 4)
(673, 4)
(679, 4)
(695, 4)
(701, 4)
(705, 4)
(711, 4)
(738, 4)
(745, 4)
(761, 4)
(764, 4)
(774, 4)
(6, 5)
(7, 5)
(8, 5)
(9, 5)
(10, 5)
(13, 5)
(15, 5)
(16, 5)
(17, 5)
(19, 5)
(22, 5)
(23, 5)
(26, 5)
(27, 5)
(28, 5)
(29, 5)
(34, 5)
(35, 5)
(38, 5)
(41, 5)
(43, 5)
(45, 5)
(49, 5)
(50, 5)
(53, 5)
(56, 5)
(57, 5)
(58, 5)
(61, 5)
(62, 5)
(63, 5)
(68, 5)
(69, 5)
(70, 5)
(83, 5)
(87, 5)
(88, 5)
(89, 5)
(91, 5)
(92, 5)
(98, 5)
(102, 5)
(105, 5)
(106, 5)
(107, 5)
(109, 5)
(110, 5)
(112, 5)
(120, 5)
(121, 5)
(126, 5)
(127, 5)
(128, 5)
(129, 5)
(130, 5)
(137, 5)
(139, 5)
(149, 5)
(152, 5)
(177, 5)
(186, 5)
(187, 5)
(189, 5)
(192, 5)
(194, 5)
(206, 5)
(213, 5)
(215, 5)
(219, 5)
(221, 5)
(222, 5)
(223, 5)
(228, 5)
(230, 5)
(239, 5)
(242, 5)
(243, 5)
(246, 5)
(248, 5)
(251, 5)
(256, 5)
(266, 5)
(267, 5)
(272, 5)
(274, 5)
(276, 5)
(280, 5)
(286, 5)
(288, 5)
(300, 5)
(325, 5)
(333, 5)
(339, 5)
(340, 5)
(342, 5)
(350, 5)
(351, 5)
(356, 5)
(359, 5)
(368, 5)
(372, 5)
(381, 5)
(391, 5)
(395, 5)
(407, 5)
(414, 5)
(421, 5)
(426, 5)
(428, 5)
(431, 5)
(436, 5)
(471, 5)
(491, 5)
(498, 5)
(515, 5)
(521, 5)
(545, 5)
(549, 5)
(551, 5)
(558, 5)
(566, 5)
(580, 5)
(583, 5)
(586, 5)
(590, 5)
(596, 5)
(605, 5)
(607, 5)
(612, 5)
(614, 5)
(628, 5)
(636, 5)
(643, 5)
(644, 5)
(651, 5)
(653, 5)
(661, 5)
(671, 5)
(692, 5)
(694, 5)
(702, 5)
(712, 5)
(716, 5)
(727, 5)
(732, 5)
(738, 5)
(758, 5)
(768, 5)
(793, 5)
(7, 6)
(10, 6)
(11, 6)
(12, 6)
(17, 6)
(19, 6)
(20, 6)
(24, 6)
(29, 6)
(36, 6)
(43, 6)
(49, 6)
(63, 6)
(97, 6)
(98, 6)
(120, 6)
(129, 6)
(132, 6)
(147, 6)
(153, 6)
(218, 6)
(219, 6)
(229, 6)
(233, 6)
(332, 6)
(337, 6)
(354, 6)
(429, 6)
(441, 6)
(503, 6)
(526, 6)
(529, 6)
(574, 6)
(630, 6)
(669, 6)
(694, 6)
(732, 6)
(764, 6)
(10, 7)
(11, 7)
(13, 7)
(15, 7)
(17, 7)
(24, 7)
(27, 7)
(30, 7)
(35, 7)
(36, 7)
(37, 7)
(40, 7)
(54, 7)
(67, 7)
(69, 7)
(70, 7)
(71, 7)
(79, 7)
(96, 7)
(107, 7)
(116, 7)
(130, 7)
(134, 7)
(137, 7)
(141, 7)
(144, 7)
(152, 7)
(158, 7)
(173, 7)
(176, 7)
(199, 7)
(205, 7)
(217, 7)
(221, 7)
(225, 7)
(243, 7)
(245, 7)
(251, 7)
(263, 7)
(268, 7)
(279, 7)
(283, 7)
(299, 7)
(303, 7)
(309, 7)
(371, 7)
(386, 7)
(391, 7)
(402, 7)
(404, 7)
(422, 7)
(447, 7)
(485, 7)
(489, 7)
(493, 7)
(495, 7)
(502, 7)
(503, 7)
(506, 7)
(574, 7)
(599, 7)
(602, 7)
(633, 7)
(634, 7)
(636, 7)
(658, 7)
(664, 7)
(708, 7)
(714, 7)
(715, 7)
(736, 7)
(739, 7)
(750, 7)
(751, 7)
(753, 7)
(778, 7)
(785, 7)
(795, 7)
(9, 8)
(14, 8)
(15, 8)
(16, 8)
(20, 8)
(34, 8)
(40, 8)
(51, 8)
(63, 8)
(65, 8)
(68, 8)
(70, 8)
(75, 8)
(77, 8)
(82, 8)
(86, 8)
(94, 8)
(98, 8)
(101, 8)
(117, 8)
(122, 8)
(136, 8)
(153, 8)
(160, 8)
(198, 8)
(212, 8)
(214, 8)
(220, 8)
(256, 8)
(257, 8)
(263, 8)
(286, 8)
(292, 8)
(293, 8)
(308, 8)
(325, 8)
(335, 8)
(353, 8)
(368, 8)
(396, 8)
(434, 8)
(481, 8)
(512, 8)
(525, 8)
(567, 8)
(570, 8)
(585, 8)
(587, 8)
(620, 8)
(626, 8)
(699, 8)
(725, 8)
(747, 8)
(13, 9)
(16, 9)
(45, 9)
(51, 9)
(53, 9)
(56, 9)
(70, 9)
(78, 9)
(81, 9)
(85, 9)
(86, 9)
(94, 9)
(98, 9)
(125, 9)
(133, 9)
(135, 9)
(160, 9)
(175, 9)
(180, 9)
(189, 9)
(192, 9)
(211, 9)
(222, 9)
(227, 9)
(253, 9)
(256, 9)
(269, 9)
(291, 9)
(305, 9)
(332, 9)
(336, 9)
(339, 9)
(350, 9)
(410, 9)
(496, 9)
(539, 9)
(573, 9)
(577, 9)
(587, 9)
(594, 9)
(695, 9)
(713, 9)
(718, 9)
(721, 9)
(736, 9)
(744, 9)
(789, 9)
(11, 10)
(35, 10)
(36, 10)
(37, 10)
(60, 10)
(63, 10)
(69, 10)
(92, 10)
(98, 10)
(120, 10)
(134, 10)
(170, 10)
(202, 10)
(219, 10)
(229, 10)
(241, 10)
(246, 10)
(252, 10)
(290, 10)
(298, 10)
(305, 10)
(332, 10)
(337, 10)
(346, 10)
(347, 10)
(355, 10)
(420, 10)
(440, 10)
(508, 10)
(536, 10)
(543, 10)
(552, 10)
(613, 10)
(630, 10)
(665, 10)
(754, 10)
(764, 10)
(781, 10)
(782, 10)
(12, 11)
(67, 11)
(92, 11)
(120, 11)
(152, 11)
(279, 11)
(324, 11)
(503, 11)
(574, 11)
(613, 11)
(665, 11)
(18, 12)
(19, 12)
(52, 12)
(76, 12)
(132, 12)
(155, 12)
(204, 12)
(284, 12)
(419, 12)
(441, 12)
(487, 12)
(530, 12)
(621, 12)
(641, 12)
(15, 13)
(19, 13)
(22, 13)
(25, 13)
(26, 13)
(33, 13)
(38, 13)
(39, 13)
(45, 13)
(47, 13)
(57, 13)
(69, 13)
(99, 13)
(100, 13)
(102, 13)
(106, 13)
(109, 13)
(111, 13)
(119, 13)
(130, 13)
(144, 13)
(146, 13)
(156, 13)
(164, 13)
(168, 13)
(196, 13)
(199, 13)
(212, 13)
(220, 13)
(223, 13)
(245, 13)
(267, 13)
(285, 13)
(292, 13)
(303, 13)
(304, 13)
(312, 13)
(339, 13)
(342, 13)
(351, 13)
(354, 13)
(363, 13)
(377, 13)
(383, 13)
(397, 13)
(435, 13)
(441, 13)
(449, 13)
(451, 13)
(452, 13)
(466, 13)
(479, 13)
(521, 13)
(531, 13)
(548, 13)
(610, 13)
(633, 13)
(666, 13)
(674, 13)
(700, 13)
(724, 13)
(726, 13)
(746, 13)
(752, 13)
(765, 13)
(777, 13)
(791, 13)
(20, 14)
(21, 14)
(24, 14)
(30, 14)
(33, 14)
(42, 14)
(48, 14)
(65, 14)
(78, 14)
(80, 14)
(90, 14)
(113, 14)
(122, 14)
(159, 14)
(169, 14)
(171, 14)
(174, 14)
(182, 14)
(199, 14)
(231, 14)
(240, 14)
(252, 14)
(260, 14)
(261, 14)
(287, 14)
(308, 14)
(317, 14)
(321, 14)
(328, 14)
(356, 14)
(374, 14)
(384, 14)
(389, 14)
(399, 14)
(407, 14)
(414, 14)
(423, 14)
(446, 14)
(450, 14)
(462, 14)
(467, 14)
(495, 14)
(496, 14)
(514, 14)
(520, 14)
(538, 14)
(568, 14)
(573, 14)
(579, 14)
(582, 14)
(592, 14)
(618, 14)
(652, 14)
(745, 14)
(794, 14)
(25, 15)
(33, 15)
(34, 15)
(43, 15)
(57, 15)
(58, 15)
(65, 15)
(68, 15)
(86, 15)
(92, 15)
(93, 15)
(95, 15)
(99, 15)
(101, 15)
(130, 15)
(149, 15)
(153, 15)
(159, 15)
(175, 15)
(194, 15)
(214, 15)
(270, 15)
(289, 15)
(293, 15)
(296, 15)
(302, 15)
(309, 15)
(322, 15)
(323, 15)
(327, 15)
(376, 15)
(388, 15)
(391, 15)
(412, 15)
(427, 15)
(455, 15)
(464, 15)
(549, 15)
(561, 15)
(606, 15)
(613, 15)
(635, 15)
(649, 15)
(659, 15)
(660, 15)
(708, 15)
(724, 15)
(729, 15)
(769, 15)
(17, 16)
(29, 16)
(40, 16)
(42, 16)
(44, 16)
(45, 16)
(51, 16)
(68, 16)
(74, 16)
(83, 16)
(85, 16)
(103, 16)
(107, 16)
(108, 16)
(122, 16)
(133, 16)
(135, 16)
(139, 16)
(140, 16)
(145, 16)
(161, 16)
(205, 16)
(215, 16)
(220, 16)
(221, 16)
(228, 16)
(287, 16)
(300, 16)
(318, 16)
(319, 16)
(326, 16)
(327, 16)
(351, 16)
(400, 16)
(403, 16)
(430, 16)
(434, 16)
(447, 16)
(539, 16)
(555, 16)
(570, 16)
(577, 16)
(593, 16)
(666, 16)
(736, 16)
(738, 16)
(770, 16)
(785, 16)
(789, 16)
(797, 16)
(27, 17)
(28, 17)
(29, 17)
(50, 17)
(55, 17)
(58, 17)
(59, 17)
(73, 17)
(74, 17)
(83, 17)
(95, 17)
(105, 17)
(110, 17)
(112, 17)
(118, 17)
(119, 17)
(128, 17)
(139, 17)
(144, 17)
(161, 17)
(162, 17)
(172, 17)
(176, 17)
(189, 17)
(193, 17)
(249, 17)
(264, 17)
(306, 17)
(314, 17)
(316, 17)
(363, 17)
(387, 17)
(415, 17)
(416, 17)
(424, 17)
(432, 17)
(445, 17)
(458, 17)
(459, 17)
(465, 17)
(498, 17)
(499, 17)
(501, 17)
(541, 17)
(576, 17)
(605, 17)
(619, 17)
(662, 17)
(672, 17)
(709, 17)
(716, 17)
(750, 17)
(763, 17)
(788, 17)
(790, 17)
(799, 17)
(25, 18)
(31, 18)
(44, 18)
(52, 18)
(64, 18)
(67, 18)
(71, 18)
(76, 18)
(77, 18)
(84, 18)
(91, 18)
(103, 18)
(104, 18)
(105, 18)
(131, 18)
(135, 18)
(142, 18)
(155, 18)
(157, 18)
(160, 18)
(186, 18)
(187, 18)
(239, 18)
(250, 18)
(262, 18)
(277, 18)
(284, 18)
(309, 18)
(326, 18)
(334, 18)
(353, 18)
(381, 18)
(399, 18)
(404, 18)
(413, 18)
(419, 18)
(439, 18)
(444, 18)
(471, 18)
(474, 18)
(490, 18)
(511, 18)
(553, 18)
(559, 18)
(568, 18)
(593, 18)
(630, 18)
(651, 18)
(669, 18)
(687, 18)
(702, 18)
(710, 18)
(743, 18)
(747, 18)
(772, 18)
(783, 18)
(22, 19)
(23, 19)
(26, 19)
(87, 19)
(109, 19)
(110, 19)
(111, 19)
(226, 19)
(295, 19)
(345, 19)
(354, 19)
(597, 19)
(609, 19)
(674, 19)
(42, 20)
(47, 20)
(78, 20)
(97, 20)
(124, 20)
(182, 20)
(214, 20)
(233, 20)
(247, 20)
(259, 20)
(297, 20)
(338, 20)
(356, 20)
(469, 20)
(476, 20)
(508, 20)
(526, 20)
(626, 20)
(742, 20)
(790, 20)
(24, 21)
(26, 21)
(30, 21)
(32, 21)
(56, 21)
(72, 21)
(84, 21)
(113, 21)
(115, 21)
(118, 21)
(127, 21)
(150, 21)
(154, 21)
(171, 21)
(174, 21)
(177, 21)
(192, 21)
(199, 21)
(208, 21)
(231, 21)
(240, 21)
(248, 21)
(255, 21)
(289, 21)
(303, 21)
(308, 21)
(312, 21)
(322, 21)
(360, 21)
(362, 21)
(388, 21)
(399, 21)
(406, 21)
(408, 21)
(419, 21)
(421, 21)
(424, 21)
(452, 21)
(472, 21)
(492, 21)
(505, 21)
(538, 21)
(581, 21)
(629, 21)
(678, 21)
(684, 21)
(688, 21)
(708, 21)
(748, 21)
(23, 22)
(28, 22)
(38, 22)
(62, 22)
(87, 22)
(109, 22)
(110, 22)
(113, 22)
(115, 22)
(127, 22)
(164, 22)
(176, 22)
(187, 22)
(190, 22)
(194, 22)
(195, 22)
(226, 22)
(237, 22)
(276, 22)
(329, 22)
(345, 22)
(359, 22)
(368, 22)
(375, 22)
(389, 22)
(397, 22)
(445, 22)
(475, 22)
(558, 22)
(597, 22)
(628, 22)
(650, 22)
(667, 22)
(685, 22)
(705, 22)
(717, 22)
(780, 22)
(781, 22)
(27, 23)
(49, 23)
(53, 23)
(61, 23)
(87, 23)
(106, 23)
(113, 23)
(115, 23)
(124, 23)
(143, 23)
(176, 23)
(179, 23)
(198, 23)
(208, 23)
(209, 23)
(213, 23)
(232, 23)
(249, 23)
(259, 23)
(275, 23)
(473, 23)
(475, 23)
(478, 23)
(504, 23)
(600, 23)
(609, 23)
(681, 23)
(683, 23)
(704, 23)
(30, 24)
(32, 24)
(33, 24)
(36, 24)
(43, 24)
(70, 24)
(71, 24)
(94, 24)
(113, 24)
(115, 24)
(127, 24)
(141, 24)
(205, 24)
(209, 24)
(236, 24)
(248, 24)
(251, 24)
(281, 24)
(287, 24)
(333, 24)
(384, 24)
(409, 24)
(419, 24)
(459, 24)
(547, 24)
(572, 24)
(584, 24)
(664, 24)
(680, 24)
(744, 24)
(775, 24)
(798, 24)
(31, 25)
(33, 25)
(47, 25)
(64, 25)
(67, 25)
(102, 25)
(116, 25)
(125, 25)
(131, 25)
(135, 25)
(142, 25)
(185, 25)
(220, 25)
(224, 25)
(234, 25)
(272, 25)
(289, 25)
(291, 25)
(302, 25)
(323, 25)
(404, 25)
(412, 25)
(413, 25)
(542, 25)
(663, 25)
(740, 25)
(38, 26)
(39, 26)
(55, 26)
(145, 26)
(181, 26)
(267, 26)
(285, 26)
(388, 26)
(460, 26)
(559, 26)
(566, 26)
(642, 26)
(688, 26)
(28, 27)
(35, 27)
(41, 27)
(53, 27)
(74, 27)
(102, 27)
(121, 27)
(124, 27)
(143, 27)
(176, 27)
(208, 27)
(217, 27)
(222, 27)
(313, 27)
(463, 27)
(501, 27)
(545, 27)
(733, 27)
(736, 27)
(38, 28)
(41, 28)
(74, 28)
(83, 28)
(139, 28)
(147, 28)
(193, 28)
(216, 28)
(250, 28)
(306, 28)
(372, 28)
(463, 28)
(467, 28)
(682, 28)
(50, 29)
(55, 29)
(59, 29)
(68, 29)
(74, 29)
(83, 29)
(97, 29)
(109, 29)
(119, 29)
(136, 29)
(200, 29)
(333, 29)
(400, 29)
(497, 29)
(588, 29)
(732, 29)
(70, 30)
(80, 30)
(131, 30)
(154, 30)
(159, 30)
(209, 30)
(236, 30)
(240, 30)
(255, 30)
(289, 30)
(330, 30)
(382, 30)
(402, 30)
(423, 30)
(482, 30)
(516, 30)
(32, 31)
(48, 31)
(66, 31)
(67, 31)
(105, 31)
(116, 31)
(160, 31)
(162, 31)
(167, 31)
(231, 31)
(235, 31)
(246, 31)
(247, 31)
(272, 31)
(281, 31)
(297, 31)
(299, 31)
(382, 31)
(401, 31)
(478, 31)
(491, 31)
(517, 31)
(693, 31)
(767, 31)
(48, 32)
(56, 32)
(66, 32)
(81, 32)
(89, 32)
(142, 32)
(148, 32)
(154, 32)
(191, 32)
(201, 32)
(208, 32)
(246, 32)
(293, 32)
(333, 32)
(358, 32)
(474, 32)
(491, 32)
(529, 32)
(534, 32)
(555, 32)
(627, 32)
(640, 32)
(655, 32)
(673, 32)
(680, 32)
(699, 32)
(737, 32)
(48, 33)
(80, 33)
(99, 33)
(102, 33)
(287, 33)
(542, 33)
(547, 33)
(557, 33)
(573, 33)
(647, 33)
(791, 33)
(39, 34)
(41, 34)
(43, 34)
(46, 34)
(58, 34)
(63, 34)
(65, 34)
(77, 34)
(108, 34)
(120, 34)
(132, 34)
(136, 34)
(152, 34)
(153, 34)
(156, 34)
(163, 34)
(164, 34)
(190, 34)
(200, 34)
(243, 34)
(268, 34)
(277, 34)
(331, 34)
(366, 34)
(502, 34)
(512, 34)
(525, 34)
(557, 34)
(565, 34)
(578, 34)
(622, 34)
(664, 34)
(717, 34)
(742, 34)
(786, 34)
(37, 35)
(40, 35)
(54, 35)
(60, 35)
(96, 35)
(107, 35)
(112, 35)
(121, 35)
(206, 35)
(219, 35)
(245, 35)
(254, 35)
(347, 35)
(359, 35)
(397, 35)
(420, 35)
(429, 35)
(519, 35)
(531, 35)
(541, 35)
(579, 35)
(602, 35)
(612, 35)
(620, 35)
(638, 35)
(649, 35)
(685, 35)
(736, 35)
(141, 36)
(225, 36)
(290, 36)
(332, 36)
(346, 36)
(409, 36)
(552, 36)
(693, 36)
(714, 36)
(40, 37)
(60, 37)
(62, 37)
(66, 37)
(69, 37)
(73, 37)
(76, 37)
(79, 37)
(99, 37)
(116, 37)
(117, 37)
(137, 37)
(148, 37)
(238, 37)
(274, 37)
(276, 37)
(349, 37)
(367, 37)
(438, 37)
(448, 37)
(469, 37)
(480, 37)
(508, 37)
(544, 37)
(611, 37)
(665, 37)
(698, 37)
(716, 37)
(757, 37)
(779, 37)
(39, 38)
(55, 38)
(62, 38)
(69, 38)
(119, 38)
(158, 38)
(180, 38)
(181, 38)
(210, 38)
(211, 38)
(213, 38)
(254, 38)
(342, 38)
(373, 38)
(436, 38)
(457, 38)
(498, 38)
(537, 38)
(539, 38)
(540, 38)
(559, 38)
(638, 38)
(734, 38)
(46, 39)
(55, 39)
(75, 39)
(108, 39)
(145, 39)
(164, 39)
(180, 39)
(188, 39)
(216, 39)
(235, 39)
(267, 39)
(354, 39)
(451, 39)
(457, 39)
(503, 39)
(557, 39)
(563, 39)
(701, 39)
(759, 39)
(44, 40)
(54, 40)
(79, 40)
(112, 40)
(170, 40)
(254, 40)
(268, 40)
(299, 40)
(386, 40)
(434, 40)
(443, 40)
(506, 40)
(527, 40)
(593, 40)
(699, 40)
(709, 40)
(74, 41)
(102, 41)
(139, 41)
(147, 41)
(277, 41)
(682, 41)
(738, 41)
(749, 41)
(793, 41)
(54, 42)
(59, 42)
(60, 42)
(78, 42)
(90, 42)
(103, 42)
(140, 42)
(273, 42)
(327, 42)
(361, 42)
(447, 42)
(520, 42)
(555, 42)
(595, 42)
(603, 42)
(656, 42)
(742, 42)
(751, 42)
(771, 42)
(49, 43)
(58, 43)
(93, 43)
(111, 43)
(134, 43)
(149, 43)
(152, 43)
(153, 43)
(163, 43)
(241, 43)
(296, 43)
(348, 43)
(367, 43)
(380, 43)
(515, 43)
(545, 43)
(556, 43)
(561, 43)
(586, 43)
(637, 43)
(647, 43)
(649, 43)
(669, 43)
(730, 43)
(758, 43)
(762, 43)
(77, 44)
(103, 44)
(108, 44)
(122, 44)
(129, 44)
(170, 44)
(183, 44)
(224, 44)
(229, 44)
(250, 44)
(343, 44)
(398, 44)
(405, 44)
(443, 44)
(588, 44)
(591, 44)
(593, 44)
(634, 44)
(670, 44)
(51, 45)
(53, 45)
(56, 45)
(61, 45)
(78, 45)
(81, 45)
(86, 45)
(88, 45)
(89, 45)
(104, 45)
(123, 45)
(130, 45)
(146, 45)
(149, 45)
(172, 45)
(218, 45)
(228, 45)
(245, 45)
(280, 45)
(286, 45)
(291, 45)
(330, 45)
(332, 45)
(336, 45)
(381, 45)
(414, 45)
(449, 45)
(464, 45)
(466, 45)
(500, 45)
(573, 45)
(576, 45)
(637, 45)
(661, 45)
(700, 45)
(724, 45)
(768, 45)
(787, 45)
(799, 45)
(50, 46)
(52, 46)
(90, 46)
(108, 46)
(155, 46)
(163, 46)
(167, 46)
(173, 46)
(188, 46)
(201, 46)
(203, 46)
(207, 46)
(257, 46)
(313, 46)
(336, 46)
(358, 46)
(442, 46)
(451, 46)
(676, 46)
(752, 46)
(777, 46)
(778, 46)
(782, 46)
(57, 47)
(82, 47)
(93, 47)
(123, 47)
(124, 47)
(157, 47)
(181, 47)
(223, 47)
(237, 47)
(253, 47)
(264, 47)
(317, 47)
(355, 47)
(456, 47)
(470, 47)
(506, 47)
(509, 47)
(521, 47)
(554, 47)
(594, 47)
(603, 47)
(642, 47)
(692, 47)
(695, 47)
(749, 47)
(66, 48)
(80, 48)
(81, 48)
(89, 48)
(148, 48)
(154, 48)
(167, 48)
(169, 48)
(184, 48)
(201, 48)
(226, 48)
(244, 48)
(261, 48)
(281, 48)
(285, 48)
(301, 48)
(311, 48)
(317, 48)
(337, 48)
(478, 48)
(488, 48)
(557, 48)
(616, 48)
(619, 48)
(627, 48)
(632, 48)
(706, 48)
(714, 48)
(61, 49)
(111, 49)
(151, 49)
(153, 49)
(269, 49)
(367, 49)
(429, 49)
(516, 49)
(545, 49)
(561, 49)
(668, 49)
(52, 50)
(55, 50)
(58, 50)
(73, 50)
(109, 50)
(114, 50)
(155, 50)
(161, 50)
(165, 50)
(200, 50)
(236, 50)
(249, 50)
(358, 50)
(401, 50)
(465, 50)
(484, 50)
(497, 50)
(571, 50)
(612, 50)
(778, 50)
(75, 51)
(133, 51)
(161, 51)
(220, 51)
(257, 51)
(286, 51)
(311, 51)
(326, 51)
(336, 51)
(379, 51)
(567, 51)
(695, 51)
(746, 51)
(785, 51)
(64, 52)
(72, 52)
(90, 52)
(96, 52)
(165, 52)
(201, 52)
(204, 52)
(284, 52)
(318, 52)
(385, 52)
(455, 52)
(507, 52)
(530, 52)
(553, 52)
(676, 52)
(778, 52)
(78, 53)
(89, 53)
(123, 53)
(138, 53)
(143, 53)
(178, 53)
(259, 53)
(305, 53)
(497, 53)
(681, 53)
(59, 54)
(60, 54)
(96, 54)
(112, 54)
(166, 54)
(171, 54)
(227, 54)
(268, 54)
(273, 54)
(361, 54)
(418, 54)
(502, 54)
(625, 54)
(638, 54)
(59, 55)
(95, 55)
(97, 55)
(101, 55)
(145, 55)
(161, 55)
(166, 55)
(180, 55)
(210, 55)
(282, 55)
(380, 55)
(395, 55)
(460, 55)
(497, 55)
(563, 55)
(609, 55)
(662, 55)
(720, 55)
(729, 55)
(762, 55)
(779, 55)
(61, 56)
(86, 56)
(104, 56)
(125, 56)
(172, 56)
(189, 56)
(208, 56)
(232, 56)
(248, 56)
(331, 56)
(421, 56)
(534, 56)
(651, 56)
(656, 56)
(702, 56)
(82, 57)
(92, 57)
(95, 57)
(100, 57)
(123, 57)
(126, 57)
(133, 57)
(137, 57)
(156, 57)
(157, 57)
(184, 57)
(191, 57)
(223, 57)
(230, 57)
(253, 57)
(314, 57)
(339, 57)
(352, 57)
(407, 57)
(456, 57)
(521, 57)
(566, 57)
(575, 57)
(578, 57)
(583, 57)
(599, 57)
(613, 57)
(726, 57)
(749, 57)
(65, 58)
(73, 58)
(93, 58)
(110, 58)
(114, 58)
(132, 58)
(134, 58)
(163, 58)
(175, 58)
(200, 58)
(273, 58)
(295, 58)
(301, 58)
(306, 58)
(320, 58)
(331, 58)
(360, 58)
(374, 58)
(400, 58)
(417, 58)
(440, 58)
(475, 58)
(502, 58)
(543, 58)
(556, 58)
(571, 58)
(608, 58)
(615, 58)
(623, 58)
(643, 58)
(644, 58)
(683, 58)
(737, 58)
(739, 58)
(773, 58)
(788, 58)
(95, 59)
(97, 59)
(101, 59)
(119, 59)
(128, 59)
(136, 59)
(166, 59)
(225, 59)
(265, 59)
(270, 59)
(298, 59)
(310, 59)
(350, 59)
(387, 59)
(390, 59)
(395, 59)
(499, 59)
(588, 59)
(611, 59)
(646, 59)
(686, 59)
(729, 59)
(273, 60)
(420, 60)
(508, 60)
(698, 60)
(754, 60)
(782, 60)
(172, 61)
(179, 61)
(232, 61)
(248, 61)
(249, 61)
(280, 61)
(286, 61)
(449, 61)
(516, 61)
(66, 62)
(79, 62)
(85, 62)
(87, 62)
(88, 62)
(348, 62)
(349, 62)
(372, 62)
(499, 62)
(610, 62)
(690, 62)
(77, 63)
(117, 63)
(120, 63)
(143, 63)
(147, 63)
(182, 63)
(190, 63)
(202, 63)
(229, 63)
(238, 63)
(325, 63)
(335, 63)
(341, 63)
(353, 63)
(428, 63)
(435, 63)
(543, 63)
(564, 63)
(591, 63)
(622, 63)
(697, 63)
(721, 63)
(735, 63)
(742, 63)
(753, 63)
(761, 63)
(786, 63)
(72, 64)
(125, 64)
(135, 64)
(157, 64)
(324, 64)
(373, 64)
(385, 64)
(394, 64)
(490, 64)
(533, 64)
(639, 64)
(663, 64)
(132, 65)
(301, 65)
(320, 65)
(356, 65)
(514, 65)
(73, 66)
(81, 66)
(142, 66)
(169, 66)
(281, 66)
(448, 66)
(488, 66)
(491, 66)
(544, 66)
(555, 66)
(610, 66)
(611, 66)
(676, 66)
(706, 66)
(757, 66)
(92, 67)
(116, 67)
(131, 67)
(134, 67)
(152, 67)
(160, 67)
(162, 67)
(170, 67)
(241, 67)
(324, 67)
(364, 67)
(382, 67)
(440, 67)
(447, 67)
(513, 67)
(751, 67)
(783, 67)
(82, 68)
(83, 68)
(86, 68)
(107, 68)
(140, 68)
(185, 68)
(234, 68)
(239, 68)
(263, 68)
(271, 68)
(278, 68)
(340, 68)
(351, 68)
(413, 68)
(431, 68)
(457, 68)
(464, 68)
(468, 68)
(500, 68)
(525, 68)
(572, 68)
(789, 68)
(119, 69)
(158, 69)
(196, 69)
(211, 69)
(328, 69)
(342, 69)
(351, 69)
(638, 69)
(662, 69)
(734, 69)
(71, 70)
(80, 70)
(94, 70)
(121, 70)
(131, 70)
(150, 70)
(158, 70)
(179, 70)
(192, 70)
(290, 70)
(296, 70)
(307, 70)
(335, 70)
(378, 70)
(402, 70)
(404, 70)
(482, 70)
(485, 70)
(537, 70)
(569, 70)
(583, 70)
(584, 70)
(715, 70)
(744, 70)
(760, 70)
(775, 70)
(84, 71)
(104, 71)
(158, 71)
(183, 71)
(205, 71)
(239, 71)
(275, 71)
(309, 71)
(364, 71)
(369, 71)
(378, 71)
(392, 71)
(474, 71)
(477, 71)
(488, 71)
(494, 71)
(523, 71)
(535, 71)
(584, 71)
(601, 71)
(772, 71)
(774, 71)
(114, 72)
(118, 72)
(150, 72)
(279, 72)
(315, 72)
(365, 72)
(373, 72)
(385, 72)
(421, 72)
(490, 72)
(532, 72)
(580, 72)
(581, 72)
(707, 72)
(708, 72)
(76, 73)
(114, 73)
(238, 73)
(249, 73)
(273, 73)
(295, 73)
(367, 73)
(369, 73)
(484, 73)
(612, 73)
(779, 73)
(788, 73)
(463, 74)
(257, 75)
(396, 75)
(701, 75)
(746, 75)
(774, 75)
(91, 76)
(155, 76)
(238, 76)
(381, 76)
(434, 76)
(472, 76)
(530, 76)
(544, 76)
(567, 76)
(711, 76)
(103, 77)
(117, 77)
(129, 77)
(136, 77)
(143, 77)
(156, 77)
(183, 77)
(206, 77)
(212, 77)
(244, 77)
(288, 77)
(294, 77)
(308, 77)
(338, 77)
(399, 77)
(435, 77)
(439, 77)
(444, 77)
(453, 77)
(523, 77)
(536, 77)
(546, 77)
(630, 77)
(691, 77)
(721, 77)
(747, 77)
(754, 77)
(81, 78)
(88, 78)
(182, 78)
(218, 78)
(247, 78)
(253, 78)
(261, 78)
(269, 78)
(305, 78)
(343, 78)
(410, 78)
(414, 78)
(454, 78)
(497, 78)
(500, 78)
(520, 78)
(538, 78)
(576, 78)
(596, 78)
(742, 78)
(788, 78)
(116, 79)
(117, 79)
(173, 79)
(276, 79)
(299, 79)
(348, 79)
(349, 79)
(372, 79)
(438, 79)
(493, 79)
(499, 79)
(528, 79)
(657, 79)
(709, 79)
(94, 80)
(121, 80)
(131, 80)
(217, 80)
(236, 80)
(261, 80)
(296, 80)
(330, 80)
(389, 80)
(462, 80)
(617, 80)
(88, 81)
(89, 81)
(142, 81)
(169, 81)
(253, 81)
(301, 81)
(343, 81)
(347, 81)
(358, 81)
(448, 81)
(522, 81)
(619, 81)
(661, 81)
(676, 81)
(93, 82)
(123, 82)
(181, 82)
(207, 82)
(237, 82)
(263, 82)
(365, 82)
(426, 82)
(460, 82)
(512, 82)
(515, 82)
(583, 82)
(626, 82)
(726, 82)
(112, 83)
(144, 83)
(172, 83)
(186, 83)
(216, 83)
(264, 83)
(282, 83)
(370, 83)
(400, 83)
(424, 83)
(432, 83)
(471, 83)
(485, 83)
(569, 83)
(619, 83)
(621, 83)
(684, 83)
(709, 83)
(713, 83)
(796, 83)
(171, 84)
(177, 84)
(183, 84)
(260, 84)
(309, 84)
(328, 84)
(360, 84)
(364, 84)
(408, 84)
(424, 84)
(454, 84)
(574, 84)
(579, 84)
(582, 84)
(608, 84)
(658, 84)
(684, 84)
(687, 84)
(764, 84)
(786, 84)
(135, 85)
(145, 85)
(221, 85)
(411, 85)
(496, 85)
(556, 85)
(570, 85)
(648, 85)
(650, 85)
(720, 85)
(101, 86)
(104, 86)
(125, 86)
(149, 86)
(165, 86)
(194, 86)
(227, 86)
(291, 86)
(315, 86)
(357, 86)
(425, 86)
(464, 86)
(466, 86)
(525, 86)
(528, 86)
(532, 86)
(653, 86)
(656, 86)
(696, 86)
(776, 86)
(88, 87)
(106, 87)
(177, 87)
(187, 87)
(198, 87)
(230, 87)
(307, 87)
(316, 87)
(329, 87)
(375, 87)
(389, 87)
(390, 87)
(392, 87)
(411, 87)
(510, 87)
(589, 87)
(704, 87)
(706, 87)
(731, 87)
(759, 87)
(771, 87)
(218, 88)
(343, 88)
(347, 88)
(661, 88)
(788, 88)
(123, 89)
(138, 89)
(154, 89)
(191, 89)
(228, 89)
(278, 89)
(358, 89)
(378, 89)
(522, 89)
(619, 89)
(640, 89)
(96, 90)
(167, 90)
(201, 90)
(203, 90)
(336, 90)
(442, 90)
(456, 90)
(530, 90)
(598, 90)
(745, 90)
(100, 91)
(186, 91)
(242, 91)
(258, 91)
(262, 91)
(280, 91)
(353, 91)
(381, 91)
(434, 91)
(444, 91)
(471, 91)
(472, 91)
(511, 91)
(667, 91)
(95, 92)
(133, 92)
(141, 92)
(270, 92)
(304, 92)
(324, 92)
(364, 92)
(549, 92)
(575, 92)
(635, 92)
(659, 92)
(134, 93)
(175, 93)
(181, 93)
(207, 93)
(210, 93)
(214, 93)
(241, 93)
(334, 93)
(360, 93)
(374, 93)
(380, 93)
(408, 93)
(426, 93)
(446, 93)
(512, 93)
(543, 93)
(554, 93)
(561, 93)
(586, 93)
(616, 93)
(660, 93)
(677, 93)
(718, 93)
(729, 93)
(733, 93)
(121, 94)
(179, 94)
(196, 94)
(290, 94)
(379, 94)
(384, 94)
(405, 94)
(437, 94)
(463, 94)
(587, 94)
(598, 94)
(747, 94)
(101, 95)
(133, 95)
(141, 95)
(166, 95)
(184, 95)
(191, 95)
(270, 95)
(282, 95)
(304, 95)
(322, 95)
(344, 95)
(387, 95)
(415, 95)
(606, 95)
(613, 95)
(635, 95)
(662, 95)
(779, 95)
(204, 96)
(245, 96)
(318, 96)
(383, 96)
(397, 96)
(455, 96)
(502, 96)
(519, 96)
(541, 96)
(558, 96)
(638, 96)
(750, 96)
(233, 97)
(259, 97)
(508, 97)
(588, 97)
(129, 98)
(160, 98)
(175, 98)
(180, 98)
(198, 98)
(246, 98)
(252, 98)
(288, 98)
(337, 98)
(340, 98)
(420, 98)
(437, 98)
(443, 98)
(486, 98)
(540, 98)
(548, 98)
(645, 98)
(712, 98)
(763, 98)
(151, 99)
(159, 99)
(174, 99)
(188, 99)
(202, 99)
(274, 99)
(294, 99)
(342, 99)
(433, 99)
(469, 99)
(480, 99)
(504, 99)
(520, 99)
(546, 99)
(654, 99)
(665, 99)
(784, 99)
(792, 99)
(156, 100)
(258, 100)
(304, 100)
(431, 100)
(441, 100)
(566, 100)
(599, 100)
(640, 100)
(166, 101)
(194, 101)
(293, 101)
(376, 101)
(388, 101)
(395, 101)
(220, 102)
(224, 102)
(312, 102)
(483, 102)
(542, 102)
(791, 102)
(129, 103)
(206, 103)
(327, 103)
(403, 103)
(481, 103)
(630, 103)
(711, 103)
(149, 104)
(165, 104)
(239, 104)
(275, 104)
(315, 104)
(331, 104)
(466, 104)
(776, 104)
(118, 105)
(126, 105)
(168, 105)
(187, 105)
(203, 105)
(267, 105)
(345, 105)
(363, 105)
(396, 105)
(398, 105)
(433, 105)
(498, 105)
(517, 105)
(624, 105)
(712, 105)
(177, 106)
(198, 106)
(212, 106)
(256, 106)
(266, 106)
(341, 106)
(653, 106)
(671, 106)
(760, 106)
(140, 107)
(185, 107)
(215, 107)
(239, 107)
(283, 107)
(458, 107)
(572, 107)
(580, 107)
(599, 107)
(602, 107)
(122, 108)
(163, 108)
(188, 108)
(216, 108)
(224, 108)
(229, 108)
(300, 108)
(362, 108)
(405, 108)
(430, 108)
(514, 108)
(584, 108)
(588, 108)
(111, 109)
(200, 109)
(333, 109)
(226, 110)
(237, 110)
(295, 110)
(306, 110)
(617, 110)
(667, 110)
(731, 110)
(151, 111)
(348, 111)
(545, 111)
(561, 111)
(637, 111)
(730, 111)
(128, 112)
(144, 112)
(186, 112)
(189, 112)
(254, 112)
(282, 112)
(314, 112)
(356, 112)
(370, 112)
(445, 112)
(485, 112)
(621, 112)
(684, 112)
(115, 113)
(199, 113)
(368, 113)
(472, 113)
(629, 113)
(273, 114)
(365, 114)
(571, 114)
(673, 114)
(707, 114)
(127, 115)
(572, 115)
(629, 115)
(117, 116)
(137, 116)
(162, 116)
(173, 116)
(231, 116)
(247, 116)
(272, 116)
(291, 116)
(489, 116)
(544, 116)
(740, 116)
(143, 117)
(182, 117)
(212, 117)
(244, 117)
(310, 117)
(353, 117)
(415, 117)
(453, 117)
(544, 117)
(657, 117)
(689, 117)
(126, 118)
(138, 118)
(150, 118)
(162, 118)
(168, 118)
(240, 118)
(258, 118)
(279, 118)
(363, 118)
(459, 118)
(505, 118)
(600, 118)
(678, 118)
(688, 118)
(698, 118)
(707, 118)
(748, 118)
(766, 118)
(790, 118)
(799, 118)
(128, 119)
(136, 119)
(158, 119)
(196, 119)
(254, 119)
(270, 119)
(316, 119)
(319, 119)
(350, 119)
(373, 119)
(585, 119)
(726, 119)
(752, 119)
(777, 119)
(784, 119)
(190, 120)
(268, 120)
(341, 120)
(357, 120)
(613, 120)
(150, 121)
(196, 121)
(206, 121)
(296, 121)
(507, 121)
(545, 121)
(579, 121)
(641, 121)
(224, 122)
(407, 122)
(584, 122)
(634, 122)
(138, 123)
(157, 123)
(178, 123)
(230, 123)
(264, 123)
(278, 123)
(317, 123)
(321, 123)
(406, 123)
(501, 123)
(534, 123)
(589, 123)
(726, 123)
(727, 123)
(222, 124)
(594, 124)
(642, 124)
(227, 125)
(357, 125)
(394, 125)
(639, 125)
(721, 125)
(137, 126)
(138, 126)
(168, 126)
(203, 126)
(283, 126)
(345, 126)
(352, 126)
(396, 126)
(398, 126)
(505, 126)
(517, 126)
(518, 126)
(678, 126)
(679, 126)
(686, 126)
(730, 126)
(787, 126)
(194, 127)
(248, 127)
(272, 127)
(281, 127)
(303, 127)
(468, 127)
(505, 127)
(549, 127)
(572, 127)
(614, 127)
(189, 128)
(316, 128)
(350, 128)
(646, 128)
(206, 129)
(219, 129)
(288, 129)
(420, 129)
(529, 129)
(144, 130)
(146, 130)
(168, 130)
(197, 130)
(223, 130)
(309, 130)
(363, 130)
(414, 130)
(449, 130)
(451, 130)
(605, 130)
(799, 130)
(217, 131)
(404, 131)
(783, 131)
(301, 132)
(400, 132)
(487, 132)
(502, 132)
(565, 132)
(615, 132)
(623, 132)
(643, 132)
(701, 132)
(717, 132)
(141, 133)
(184, 133)
(539, 133)
(575, 133)
(695, 133)
(713, 133)
(718, 133)
(170, 134)
(241, 134)
(360, 134)
(447, 134)
(550, 134)
(608, 134)
(624, 134)
(718, 134)
(142, 135)
(185, 135)
(277, 135)
(334, 135)
(387, 135)
(663, 135)
(736, 135)
(767, 135)
(156, 136)
(270, 136)
(310, 136)
(319, 136)
(346, 136)
(622, 136)
(407, 137)
(489, 137)
(178, 138)
(240, 138)
(258, 138)
(278, 138)
(283, 138)
(361, 138)
(376, 138)
(378, 138)
(393, 138)
(406, 138)
(423, 138)
(430, 138)
(436, 138)
(518, 138)
(678, 138)
(686, 138)
(755, 138)
(147, 139)
(287, 139)
(306, 139)
(318, 139)
(467, 139)
(560, 139)
(576, 139)
(654, 139)
(749, 139)
(793, 139)
(185, 140)
(205, 140)
(215, 140)
(234, 140)
(271, 140)
(319, 140)
(323, 140)
(351, 140)
(386, 140)
(413, 140)
(458, 140)
(500, 140)
(555, 140)
(595, 140)
(656, 140)
(659, 140)
(225, 141)
(304, 141)
(409, 141)
(715, 141)
(785, 141)
(185, 142)
(234, 142)
(277, 142)
(387, 142)
(555, 142)
(651, 142)
(676, 142)
(767, 142)
(182, 143)
(208, 143)
(244, 143)
(275, 143)
(310, 143)
(338, 143)
(371, 143)
(415, 143)
(435, 143)
(465, 143)
(689, 143)
(797, 143)
(172, 144)
(282, 144)
(303, 144)
(314, 144)
(371, 144)
(435, 144)
(458, 144)
(522, 144)
(527, 144)
(548, 144)
(696, 144)
(221, 145)
(228, 145)
(411, 145)
(460, 145)
(581, 145)
(648, 145)
(650, 145)
(772, 145)
(168, 146)
(178, 146)
(193, 146)
(197, 146)
(233, 146)
(245, 146)
(330, 146)
(607, 146)
(687, 146)
(722, 146)
(799, 146)
(306, 147)
(682, 147)
(735, 147)
(749, 147)
(184, 148)
(197, 148)
(201, 148)
(244, 148)
(285, 148)
(337, 148)
(403, 148)
(526, 148)
(529, 148)
(655, 148)
(737, 148)
(741, 148)
(765, 148)
(165, 149)
(296, 149)
(302, 149)
(696, 149)
(758, 149)
(179, 150)
(196, 150)
(279, 150)
(307, 150)
(315, 150)
(379, 150)
(463, 150)
(507, 150)
(581, 150)
(675, 150)
(688, 150)
(698, 150)
(700, 150)
(775, 150)
(174, 151)
(195, 151)
(202, 151)
(269, 151)
(294, 151)
(427, 151)
(450, 151)
(492, 151)
(524, 151)
(639, 151)
(279, 152)
(515, 152)
(751, 152)
(367, 153)
(512, 153)
(669, 153)
(191, 154)
(255, 154)
(293, 154)
(312, 154)
(428, 154)
(474, 154)
(592, 154)
(358, 155)
(401, 155)
(566, 156)
(622, 156)
(664, 156)
(230, 157)
(253, 157)
(264, 157)
(314, 157)
(321, 157)
(324, 157)
(394, 157)
(490, 157)
(501, 157)
(509, 157)
(669, 157)
(727, 157)
(211, 158)
(254, 158)
(328, 158)
(378, 158)
(392, 158)
(404, 158)
(537, 158)
(539, 158)
(569, 158)
(627, 158)
(658, 158)
(662, 158)
(671, 158)
(342, 159)
(495, 159)
(654, 159)
(256, 160)
(481, 160)
(785, 161)
(231, 162)
(235, 162)
(382, 162)
(799, 162)
(200, 163)
(366, 163)
(556, 163)
(737, 163)
(397, 164)
(557, 164)
(650, 164)
(759, 164)
(315, 165)
(507, 165)
(696, 165)
(798, 165)
(225, 166)
(260, 166)
(282, 166)
(298, 166)
(380, 166)
(203, 167)
(207, 167)
(226, 167)
(313, 167)
(418, 167)
(478, 167)
(693, 167)
(197, 168)
(203, 168)
(363, 168)
(377, 168)
(505, 168)
(707, 168)
(301, 169)
(448, 169)
(582, 169)
(616, 169)
(241, 170)
(298, 170)
(443, 170)
(513, 170)
(550, 170)
(670, 170)
(174, 171)
(177, 171)
(192, 171)
(227, 171)
(252, 171)
(328, 171)
(362, 171)
(446, 171)
(450, 171)
(461, 171)
(513, 171)
(574, 171)
(608, 171)
(631, 171)
(690, 171)
(704, 171)
(232, 172)
(280, 172)
(432, 172)
(569, 172)
(402, 173)
(493, 173)
(188, 174)
(192, 174)
(202, 174)
(231, 174)
(252, 174)
(255, 174)
(450, 174)
(467, 174)
(492, 174)
(520, 174)
(180, 175)
(211, 175)
(214, 175)
(374, 175)
(408, 175)
(417, 175)
(443, 175)
(446, 175)
(475, 175)
(519, 175)
(540, 175)
(563, 175)
(616, 175)
(677, 175)
(190, 176)
(213, 176)
(217, 176)
(475, 176)
(501, 176)
(504, 176)
(510, 176)
(230, 177)
(256, 177)
(307, 177)
(316, 177)
(360, 177)
(395, 177)
(487, 177)
(608, 177)
(631, 177)
(687, 178)
(209, 179)
(232, 179)
(290, 179)
(307, 179)
(335, 179)
(379, 179)
(384, 179)
(405, 179)
(410, 179)
(437, 179)
(473, 179)
(600, 179)
(670, 179)
(697, 179)
(700, 179)
(210, 180)
(443, 180)
(457, 180)
(498, 180)
(537, 180)
(563, 180)
(207, 181)
(210, 181)
(213, 181)
(237, 181)
(265, 181)
(334, 181)
(365, 181)
(460, 181)
(461, 181)
(473, 181)
(515, 181)
(540, 181)
(551, 181)
(559, 181)
(566, 181)
(590, 181)
(625, 181)
(629, 181)
(652, 181)
(681, 181)
(728, 181)
(793, 181)
(247, 182)
(261, 182)
(414, 182)
(415, 182)
(465, 182)
(469, 182)
(636, 182)
(288, 183)
(343, 183)
(344, 183)
(658, 183)
(191, 184)
(197, 184)
(244, 184)
(403, 184)
(632, 184)
(741, 184)
(234, 185)
(278, 185)
(458, 185)
(468, 185)
(480, 185)
(572, 185)
(659, 185)
(242, 186)
(262, 186)
(326, 186)
(356, 186)
(370, 186)
(471, 186)
(593, 186)
(276, 187)
(329, 187)
(596, 187)
(731, 187)
(216, 188)
(235, 188)
(257, 188)
(442, 188)
(504, 188)
(752, 188)
(651, 189)
(195, 190)
(268, 190)
(341, 190)
(357, 190)
(591, 190)
(697, 190)
(705, 190)
(742, 190)
(743, 190)
(753, 190)
(794, 190)
(293, 191)
(428, 191)
(592, 191)
(719, 191)
(222, 192)
(242, 192)
(251, 192)
(329, 192)
(362, 192)
(425, 192)
(583, 192)
(715, 192)
(744, 192)
(216, 193)
(233, 193)
(250, 193)
(262, 193)
(264, 193)
(416, 193)
(618, 193)
(272, 194)
(300, 194)
(694, 194)
(359, 195)
(492, 195)
(705, 195)
(717, 195)
(780, 195)
(794, 195)
(507, 196)
(726, 196)
(526, 197)
(620, 198)
(704, 198)
(763, 198)
(263, 199)
(399, 199)
(422, 199)
(472, 199)
(592, 199)
(602, 199)
(633, 199)
(739, 199)
(331, 200)
(366, 200)
(440, 200)
(562, 200)
(737, 200)
(336, 201)
(337, 201)
(529, 201)
(530, 201)
(553, 201)
(627, 201)
(676, 201)
(238, 202)
(294, 202)
(427, 202)
(433, 202)
(450, 202)
(520, 202)
(546, 202)
(622, 202)
(732, 202)
(207, 203)
(345, 203)
(442, 203)
(456, 203)
(517, 203)
(598, 203)
(624, 203)
(318, 204)
(383, 204)
(558, 204)
(766, 204)
(215, 205)
(251, 205)
(271, 205)
(386, 205)
(798, 205)
(359, 206)
(429, 206)
(579, 206)
(620, 206)
(641, 206)
(210, 207)
(265, 207)
(515, 207)
(586, 207)
(629, 207)
(652, 207)
(275, 208)
(534, 208)
(683, 208)
(797, 208)
(382, 209)
(473, 209)
(478, 209)
(560, 209)
(265, 210)
(334, 210)
(461, 210)
(586, 210)
(625, 210)
(728, 210)
(792, 210)
(328, 211)
(539, 211)
(627, 211)
(638, 211)
(266, 212)
(292, 212)
(308, 212)
(366, 212)
(444, 212)
(570, 212)
(436, 213)
(504, 213)
(510, 213)
(540, 213)
(551, 213)
(692, 213)
(338, 214)
(476, 214)
(616, 214)
(271, 215)
(319, 215)
(323, 215)
(375, 215)
(797, 215)
(250, 216)
(262, 216)
(385, 216)
(409, 216)
(470, 216)
(618, 216)
(633, 216)
(500, 218)
(575, 218)
(637, 218)
(787, 218)
(788, 218)
(305, 219)
(347, 219)
(349, 219)
(529, 219)
(694, 219)
(224, 220)
(286, 220)
(292, 220)
(311, 220)
(312, 220)
(326, 220)
(379, 220)
(422, 220)
(483, 220)
(509, 220)
(531, 220)
(655, 220)
(666, 220)
(780, 220)
(228, 221)
(243, 221)
(266, 221)
(283, 221)
(570, 221)
(648, 221)
(242, 222)
(329, 222)
(339, 222)
(425, 222)
(518, 222)
(657, 222)
(744, 222)
(789, 222)
(451, 223)
(605, 223)
(610, 223)
(674, 223)
(749, 223)
(229, 224)
(362, 224)
(398, 224)
(584, 224)
(634, 224)
(260, 225)
(265, 225)
(298, 225)
(554, 225)
(714, 225)
(715, 225)
(778, 225)
(237, 226)
(295, 226)
(345, 226)
(370, 226)
(418, 226)
(617, 226)
(674, 226)
(357, 227)
(425, 227)
(513, 227)
(625, 227)
(648, 227)
(653, 227)
(721, 227)
(381, 228)
(362, 229)
(398, 229)
(543, 229)
(564, 229)
(588, 229)
(723, 229)
(764, 229)
(307, 230)
(314, 230)
(321, 230)
(394, 230)
(487, 230)
(577, 230)
(589, 230)
(235, 231)
(247, 231)
(255, 231)
(284, 231)
(322, 231)
(467, 231)
(489, 231)
(249, 232)
(259, 233)
(297, 233)
(526, 233)
(722, 233)
(769, 233)
(790, 233)
(271, 234)
(278, 234)
(480, 234)
(659, 234)
(257, 235)
(284, 235)
(299, 235)
(777, 235)
(330, 236)
(476, 236)
(511, 236)
(516, 236)
(617, 236)
(365, 237)
(622, 238)
(732, 238)
(779, 238)
(275, 239)
(340, 239)
(431, 239)
(580, 239)
(604, 239)
(258, 240)
(289, 240)
(376, 240)
(377, 240)
(393, 240)
(423, 240)
(496, 240)
(755, 240)
(380, 241)
(440, 241)
(513, 241)
(733, 241)
(762, 241)
(251, 242)
(329, 242)
(491, 242)
(657, 242)
(703, 242)
(266, 243)
(391, 243)
(285, 244)
(310, 244)
(311, 244)
(320, 244)
(338, 244)
(371, 244)
(403, 244)
(453, 244)
(494, 244)
(330, 245)
(397, 245)
(466, 245)
(750, 245)
(768, 245)
(252, 246)
(340, 246)
(401, 246)
(426, 246)
(484, 246)
(486, 246)
(548, 246)
(628, 246)
(645, 246)
(745, 246)
(261, 247)
(469, 247)
(489, 247)
(636, 247)
(281, 248)
(303, 248)
(419, 248)
(421, 248)
(459, 248)
(468, 248)
(538, 248)
(465, 249)
(484, 249)
(262, 250)
(385, 250)
(409, 250)
(591, 250)
(633, 250)
(491, 251)
(664, 251)
(703, 251)
(798, 251)
(446, 252)
(486, 252)
(618, 252)
(269, 253)
(454, 253)
(456, 253)
(564, 253)
(692, 253)
(735, 253)
(312, 255)
(322, 255)
(492, 255)
(395, 256)
(481, 256)
(653, 256)
(396, 257)
(442, 257)
(567, 257)
(746, 257)
(777, 257)
(393, 258)
(430, 258)
(640, 258)
(297, 259)
(508, 259)
(681, 259)
(374, 260)
(796, 260)
(389, 261)
(326, 262)
(353, 262)
(385, 262)
(470, 262)
(559, 262)
(618, 262)
(422, 263)
(602, 263)
(757, 263)
(317, 264)
(416, 264)
(424, 264)
(470, 264)
(509, 264)
(565, 264)
(603, 264)
(727, 264)
(796, 264)
(390, 265)
(461, 265)
(473, 265)
(554, 265)
(652, 265)
(792, 265)
(341, 266)
(366, 266)
(274, 267)
(285, 267)
(354, 267)
(433, 267)
(479, 267)
(482, 267)
(503, 267)
(615, 267)
(679, 267)
(758, 267)
(357, 268)
(386, 268)
(527, 268)
(410, 269)
(454, 269)
(564, 269)
(639, 269)
(735, 269)
(310, 270)
(319, 270)
(322, 270)
(344, 270)
(346, 270)
(533, 270)
(585, 270)
(635, 270)
(659, 270)
(386, 271)
(413, 271)
(291, 272)
(300, 272)
(614, 272)
(661, 272)
(295, 273)
(361, 273)
(369, 273)
(418, 273)
(448, 274)
(469, 274)
(551, 274)
(644, 274)
(679, 274)
(758, 274)
(768, 274)
(784, 274)
(791, 274)
(683, 275)
(797, 275)
(438, 276)
(558, 276)
(596, 276)
(628, 276)
(334, 277)
(387, 277)
(525, 277)
(651, 277)
(378, 278)
(406, 278)
(468, 278)
(480, 278)
(315, 279)
(698, 279)
(449, 280)
(468, 281)
(488, 281)
(380, 282)
(609, 282)
(684, 282)
(720, 282)
(361, 283)
(518, 283)
(599, 283)
(299, 284)
(419, 284)
(743, 284)
(311, 285)
(320, 285)
(479, 285)
(494, 285)
(292, 286)
(311, 286)
(422, 286)
(509, 286)
(710, 286)
(780, 286)
(318, 287)
(384, 287)
(560, 287)
(568, 287)
(573, 287)
(647, 287)
(652, 287)
(719, 287)
(294, 288)
(352, 288)
(420, 288)
(437, 288)
(438, 288)
(523, 288)
(546, 288)
(550, 288)
(302, 289)
(391, 289)
(635, 289)
(783, 289)
(335, 290)
(552, 290)
(693, 290)
(781, 290)
(332, 291)
(464, 291)
(740, 291)
(376, 293)
(428, 293)
(474, 293)
(352, 294)
(427, 294)
(433, 294)
(438, 294)
(523, 294)
(524, 294)
(734, 294)
(369, 295)
(617, 295)
(674, 295)
(302, 296)
(649, 296)
(758, 296)
(432, 297)
(756, 297)
(767, 297)
(790, 297)
(550, 298)
(506, 299)
(634, 299)
(709, 299)
(430, 300)
(514, 300)
(661, 300)
(694, 300)
(320, 301)
(400, 301)
(571, 301)
(616, 301)
(701, 301)
(323, 302)
(327, 302)
(391, 302)
(427, 302)
(724, 302)
(748, 302)
(783, 302)
(371, 303)
(435, 303)
(452, 303)
(495, 303)
(505, 303)
(538, 303)
(383, 304)
(416, 304)
(441, 304)
(453, 304)
(547, 304)
(595, 304)
(597, 304)
(623, 304)
(666, 304)
(682, 304)
(746, 304)
(349, 305)
(355, 305)
(497, 305)
(536, 305)
(689, 305)
(467, 306)
(654, 306)
(316, 307)
(392, 307)
(411, 307)
(487, 307)
(577, 307)
(589, 307)
(706, 307)
(775, 307)
(444, 308)
(536, 308)
(570, 308)
(585, 308)
(364, 309)
(474, 309)
(488, 309)
(535, 309)
(631, 309)
(687, 309)
(346, 310)
(371, 310)
(320, 311)
(479, 311)
(509, 311)
(655, 311)
(710, 311)
(483, 312)
(531, 312)
(325, 313)
(733, 313)
(394, 314)
(445, 314)
(458, 314)
(522, 314)
(527, 314)
(541, 314)
(604, 314)
(696, 314)
(756, 314)
(392, 316)
(510, 316)
(321, 317)
(470, 317)
(542, 317)
(565, 317)
(714, 317)
(383, 318)
(455, 318)
(560, 318)
(323, 319)
(375, 319)
(393, 319)
(585, 319)
(784, 319)
(797, 319)
(479, 320)
(494, 320)
(501, 321)
(534, 321)
(542, 321)
(589, 321)
(645, 321)
(344, 322)
(533, 322)
(606, 322)
(327, 323)
(375, 323)
(393, 323)
(412, 323)
(748, 323)
(364, 324)
(335, 325)
(368, 325)
(428, 325)
(524, 325)
(590, 325)
(675, 325)
(725, 325)
(773, 325)
(379, 326)
(559, 326)
(593, 326)
(666, 326)
(710, 326)
(770, 326)
(412, 327)
(427, 327)
(447, 327)
(455, 327)
(748, 327)
(574, 328)
(579, 328)
(627, 328)
(662, 328)
(375, 329)
(425, 329)
(518, 329)
(657, 329)
(731, 329)
(516, 330)
(617, 330)
(440, 331)
(466, 331)
(528, 331)
(562, 331)
(656, 331)
(346, 332)
(680, 333)
(775, 333)
(728, 334)
(725, 335)
(573, 336)
(594, 336)
(606, 336)
(630, 337)
(476, 338)
(626, 338)
(350, 339)
(610, 339)
(789, 339)
(426, 340)
(431, 340)
(457, 340)
(484, 340)
(604, 340)
(614, 340)
(740, 340)
(591, 341)
(654, 342)
(344, 343)
(347, 343)
(533, 344)
(396, 345)
(517, 345)
(597, 345)
(624, 345)
(499, 348)
(528, 348)
(637, 348)
(647, 348)
(372, 349)
(690, 349)
(646, 350)
(500, 351)
(521, 351)
(789, 351)
(438, 352)
(679, 352)
(730, 352)
(734, 352)
(471, 353)
(479, 354)
(482, 354)
(503, 354)
(506, 355)
(536, 355)
(689, 355)
(695, 355)
(514, 356)
(425, 357)
(532, 357)
(401, 358)
(522, 358)
(640, 358)
(429, 359)
(445, 359)
(531, 359)
(612, 359)
(780, 359)
(543, 360)
(608, 360)
(624, 360)
(718, 360)
(418, 361)
(377, 363)
(449, 363)
(459, 363)
(600, 363)
(601, 363)
(460, 365)
(673, 365)
(761, 365)
(781, 368)
(477, 369)
(483, 369)
(418, 370)
(485, 370)
(495, 371)
(690, 372)
(490, 373)
(533, 373)
(752, 373)
(408, 374)
(417, 374)
(519, 374)
(796, 374)
(389, 375)
(390, 375)
(393, 375)
(552, 375)
(703, 375)
(771, 375)
(377, 376)
(388, 376)
(423, 376)
(436, 376)
(680, 376)
(769, 376)
(680, 377)
(392, 378)
(384, 379)
(410, 379)
(417, 379)
(463, 379)
(477, 379)
(562, 379)
(598, 379)
(660, 379)
(700, 379)
(733, 380)
(762, 380)
(444, 381)
(607, 381)
(416, 383)
(558, 383)
(587, 383)
(597, 383)
(666, 383)
(766, 383)
(405, 384)
(410, 384)
(417, 384)
(535, 384)
(568, 384)
(670, 384)
(677, 384)
(409, 385)
(470, 385)
(527, 386)
(415, 387)
(499, 387)
(767, 387)
(406, 388)
(642, 388)
(688, 388)
(769, 388)
(390, 389)
(462, 389)
(552, 389)
(552, 390)
(686, 390)
(771, 390)
(783, 391)
(411, 392)
(510, 392)
(759, 392)
(430, 393)
(755, 393)
(639, 394)
(729, 395)
(519, 397)
(649, 397)
(439, 399)
(486, 399)
(553, 399)
(592, 399)
(672, 399)
(747, 399)
(571, 400)
(623, 400)
(701, 400)
(739, 400)
(482, 402)
(728, 402)
(481, 403)
(493, 403)
(723, 403)
(738, 403)
(741, 403)
(413, 404)
(485, 404)
(537, 404)
(658, 404)
(671, 404)
(760, 404)
(437, 405)
(670, 405)
(697, 405)
(424, 408)
(446, 408)
(454, 408)
(519, 408)
(633, 409)
(417, 410)
(477, 410)
(535, 410)
(663, 410)
(691, 410)
(581, 411)
(772, 411)
(741, 412)
(689, 415)
(453, 416)
(587, 416)
(595, 416)
(597, 416)
(623, 416)
(682, 416)
(475, 417)
(477, 417)
(535, 417)
(562, 417)
(663, 417)
(677, 417)
(691, 417)
(459, 419)
(743, 419)
(437, 420)
(550, 420)
(452, 421)
(532, 421)
(580, 421)
(702, 421)
(705, 421)
(602, 422)
(739, 422)
(757, 422)
(780, 422)
(436, 423)
(496, 423)
(794, 423)
(619, 424)
(672, 424)
(684, 424)
(750, 424)
(763, 424)
(786, 424)
(796, 424)
(518, 425)
(532, 425)
(653, 425)
(484, 426)
(512, 426)
(614, 426)
(628, 426)
(455, 427)
(524, 427)
(724, 427)
(592, 428)
(719, 428)
(531, 429)
(620, 429)
(514, 430)
(457, 431)
(740, 431)
(569, 432)
(709, 432)
(713, 432)
(756, 432)
(546, 433)
(615, 433)
(472, 434)
(567, 434)
(667, 434)
(711, 434)
(452, 435)
(548, 435)
(721, 435)
(692, 436)
(550, 437)
(486, 439)
(702, 439)
(562, 440)
(746, 441)
(456, 442)
(752, 442)
(670, 443)
(511, 444)
(536, 444)
(691, 444)
(754, 444)
(541, 445)
(450, 446)
(618, 446)
(677, 446)
(704, 446)
(603, 447)
(751, 447)
(704, 450)
(605, 451)
(547, 453)
(595, 453)
(725, 453)
(564, 454)
(521, 456)
(578, 456)
(692, 456)
(498, 457)
(522, 458)
(604, 458)
(600, 459)
(601, 459)
(790, 459)
(473, 461)
(625, 461)
(792, 461)
(793, 461)
(598, 463)
(528, 466)
(700, 466)
(768, 466)
(776, 466)
(654, 467)
(636, 469)
(784, 469)
(791, 469)
(565, 470)
(603, 470)
(567, 472)
(667, 472)
(600, 473)
(488, 474)
(494, 474)
(523, 474)
(755, 474)
(772, 474)
(774, 474)
(776, 474)
(511, 476)
(483, 477)
(562, 477)
(660, 477)
(663, 477)
(560, 478)
(693, 478)
(482, 479)
(665, 480)
(792, 480)
(795, 480)
(493, 481)
(711, 481)
(723, 481)
(612, 484)
(614, 484)
(621, 485)
(548, 486)
(712, 486)
(745, 486)
(577, 487)
(641, 487)
(494, 488)
(535, 488)
(601, 488)
(631, 488)
(706, 488)
(755, 488)
(776, 488)
(533, 490)
(669, 490)
(703, 491)
(723, 493)
(523, 494)
(601, 494)
(755, 494)
(556, 496)
(668, 496)
(794, 496)
(537, 498)
(605, 498)
(643, 498)
(712, 498)
(576, 500)
(596, 500)
(637, 500)
(534, 501)
(645, 501)
(565, 502)
(578, 502)
(615, 502)
(707, 505)
(634, 506)
(753, 506)
(798, 507)
(698, 508)
(754, 508)
(655, 509)
(710, 509)
(759, 510)
(586, 515)
(629, 515)
(632, 515)
(668, 516)
(649, 519)
(685, 519)
(538, 520)
(578, 521)
(527, 522)
(604, 522)
(756, 522)
(546, 523)
(774, 523)
(590, 524)
(675, 524)
(696, 527)
(737, 529)
(765, 529)
(553, 530)
(621, 530)
(580, 532)
(705, 532)
(645, 534)
(631, 535)
(677, 535)
(691, 535)
(691, 536)
(569, 537)
(760, 537)
(577, 539)
(713, 539)
(563, 540)
(685, 541)
(564, 543)
(723, 543)
(761, 543)
(611, 544)
(716, 544)
(561, 545)
(725, 547)
(645, 548)
(712, 548)
(745, 548)
(644, 551)
(693, 552)
(703, 552)
(781, 552)
(672, 553)
(595, 555)
(668, 556)
(759, 557)
(628, 558)
(766, 558)
(568, 559)
(681, 559)
(660, 561)
(660, 562)
(723, 564)
(735, 564)
(761, 564)
(578, 565)
(717, 565)
(590, 566)
(711, 567)
(652, 568)
(719, 568)
(585, 570)
(594, 573)
(606, 573)
(647, 573)
(596, 576)
(582, 579)
(641, 579)
(675, 581)
(678, 581)
(708, 581)
(772, 581)
(715, 583)
(744, 584)
(784, 585)
(747, 587)
(611, 588)
(706, 589)
(697, 591)
(743, 591)
(719, 592)
(710, 593)
(606, 594)
(642, 594)
(623, 595)
(656, 595)
(601, 600)
(757, 602)
(771, 603)
(740, 604)
(756, 604)
(643, 605)
(716, 605)
(624, 608)
(631, 608)
(690, 608)
(720, 609)
(762, 609)
(770, 609)
(779, 609)
(674, 610)
(716, 611)
(757, 611)
(665, 613)
(643, 615)
(644, 615)
(646, 615)
(722, 615)
(773, 615)
(672, 619)
(664, 622)
(682, 623)
(739, 623)
(648, 625)
(793, 625)
(690, 631)
(753, 634)
(727, 636)
(730, 637)
(787, 637)
(734, 638)
(644, 643)
(646, 643)
(683, 643)
(722, 643)
(646, 644)
(683, 644)
(768, 644)
(773, 644)
(722, 646)
(650, 648)
(719, 652)
(671, 653)
(760, 653)
(671, 658)
(764, 658)
(729, 660)
(770, 666)
(685, 667)
(731, 667)
(760, 671)
(750, 672)
(699, 673)
(761, 673)
(678, 675)
(773, 675)
(686, 678)
(787, 678)
(730, 679)
(775, 680)
(786, 684)
(787, 686)
(748, 688)
(754, 691)
(718, 695)
(743, 697)
(753, 697)
(724, 700)
(765, 700)
(774, 701)
(717, 705)
(794, 705)
(766, 707)
(713, 709)
(778, 715)
(785, 715)
(795, 715)
(762, 720)
(770, 720)
(769, 722)
(777, 726)
(765, 737)
(786, 742)
(763, 750)
(771, 751)
(782, 754)
(776, 755)
(770, 762)
(791, 784)
(795, 785)
(795, 792)
