(1, 0)
(2, 0)
(3, 0)
(4, 0)
(5, 0)
(6, 0)
(7, 0)
(8, 0)
(10, 0)
(11, 0)
(13, 0)
(14, 0)
(17, 0)
(21, 0)
(24, 0)
(25, 0)
(27, 0)
(28, 0)
(33, 0)
(35, 0)
(36, 0)
(44, 0)
(45, 0)
(53, 0)
(67, 0)
(69, 0)
(73, 0)
(80, 0)
(88, 0)
(91, 0)
(100, 0)
(101, 0)
(103, 0)
(106, 0)
(113, 0)
(114, 0)
(118, 0)
(130, 0)
(135, 0)
(136, 0)
(137, 0)
(140, 0)
(144, 0)
(145, 0)
(155, 0)
(161, 0)
(185, 0)
(192, 0)
(200, 0)
(203, 0)
(214, 0)
(215, 0)
(218, 0)
(219, 0)
(224, 0)
(230, 0)
(231, 0)
(243, 0)
(246, 0)
(253, 0)
(268, 0)
(269, 0)
(283, 0)
(295, 0)
(301, 0)
(316, 0)
(319, 0)
(320, 0)
(336, 0)
(341, 0)
(349, 0)
(356, 0)
(383, 0)
(392, 0)
(394, 0)
(428, 0)
(431, 0)
(433, 0)
(453, 0)
(481, 0)
(495, 0)
(498, 0)
(508, 0)
(511, 0)
(545, 0)
(558, 0)
(562, 0)
(569, 0)
(581, 0)
(587, 0)
(588, 0)
(606, 0)
(645, 0)
(647, 0)
(685, 0)
(722, 0)
(724, 0)
(735, 0)
(741, 0)
(754, 0)
(756, 0)
(761, 0)
(777, 0)
(2, 1)
(3, 1)
(4, 1)
(5, 1)
(6, 1)
(8, 1)
(9, 1)
(10, 1)
(11, 1)
(12, 1)
(16, 1)
(17, 1)
(23, 1)
(24, 1)
(28, 1)
(36, 1)
(37, 1)
(53, 1)
(64, 1)
(71, 1)
(75, 1)
(81, 1)
(95, 1)
(97, 1)
(98, 1)
(102, 1)
(116, 1)
(120, 1)
(129, 1)
(133, 1)
(143, 1)
(146, 1)
(168, 1)
(176, 1)
(179, 1)
(183, 1)
(189, 1)
(191, 1)
(192, 1)
(205, 1)
(217, 1)
(231, 1)
(238, 1)
(239, 1)
(253, 1)
(258, 1)
(261, 1)
(302, 1)
(307, 1)
(312, 1)
(318, 1)
(327, 1)
(330, 1)
(341, 1)
(347, 1)
(349, 1)
(354, 1)
(361, 1)
(367, 1)
(409, 1)
(412, 1)
(423, 1)
(454, 1)
(502, 1)
(507, 1)
(537, 1)
(566, 1)
(574, 1)
(579, 1)
(597, 1)
(604, 1)
(667, 1)
(676, 1)
(702, 1)
(716, 1)
(719, 1)
(740, 1)
(741, 1)
(758, 1)
(764, 1)
(3, 2)
(5, 2)
(7, 2)
(8, 2)
(9, 2)
(10, 2)
(11, 2)
(12, 2)
(13, 2)
(16, 2)
(18, 2)
(19, 2)
(21, 2)
(24, 2)
(32, 2)
(34, 2)
(42, 2)
(44, 2)
(47, 2)
(53, 2)
(63, 2)
(64, 2)
(67, 2)
(78, 2)
(90, 2)
(93, 2)
(96, 2)
(98, 2)
(99, 2)
(104, 2)
(116, 2)
(122, 2)
(126, 2)
(128, 2)
(134, 2)
(136, 2)
(139, 2)
(142, 2)
(143, 2)
(149, 2)
(151, 2)
(159, 2)
(168, 2)
(172, 2)
(182, 2)
(197, 2)
(200, 2)
(202, 2)
(206, 2)
(228, 2)
(236, 2)
(241, 2)
(255, 2)
(256, 2)
(273, 2)
(298, 2)
(314, 2)
(319, 2)
(362, 2)
(390, 2)
(407, 2)
(422, 2)
(434, 2)
(448, 2)
(455, 2)
(473, 2)
(500, 2)
(527, 2)
(533, 2)
(554, 2)
(573, 2)
(599, 2)
(608, 2)
(623, 2)
(649, 2)
(670, 2)
(679, 2)
(698, 2)
(702, 2)
(732, 2)
(779, 2)
(4, 3)
(5, 3)
(6, 3)
(7, 3)
(8, 3)
(9, 3)
(10, 3)
(11, 3)
(12, 3)
(13, 3)
(15, 3)
(16, 3)
(18, 3)
(19, 3)
(20, 3)
(22, 3)
(23, 3)
(25, 3)
(26, 3)
(27, 3)
(29, 3)
(30, 3)
(31, 3)
(33, 3)
(34, 3)
(35, 3)
(37, 3)
(42, 3)
(43, 3)
(45, 3)
(48, 3)
(55, 3)
(60, 3)
(61, 3)
(62, 3)
(64, 3)
(66, 3)
(68, 3)
(71, 3)
(72, 3)
(74, 3)
(77, 3)
(78, 3)
(81, 3)
(82, 3)
(88, 3)
(89, 3)
(97, 3)
(105, 3)
(107, 3)
(109, 3)
(118, 3)
(119, 3)
(126, 3)
(131, 3)
(141, 3)
(143, 3)
(148, 3)
(154, 3)
(160, 3)
(168, 3)
(170, 3)
(171, 3)
(176, 3)
(177, 3)
(178, 3)
(180, 3)
(188, 3)
(190, 3)
(203, 3)
(206, 3)
(211, 3)
(217, 3)
(219, 3)
(226, 3)
(236, 3)
(242, 3)
(244, 3)
(246, 3)
(250, 3)
(251, 3)
(258, 3)
(263, 3)
(264, 3)
(265, 3)
(272, 3)
(276, 3)
(292, 3)
(293, 3)
(318, 3)
(322, 3)
(323, 3)
(337, 3)
(338, 3)
(340, 3)
(360, 3)
(365, 3)
(368, 3)
(380, 3)
(413, 3)
(420, 3)
(429, 3)
(437, 3)
(452, 3)
(460, 3)
(464, 3)
(469, 3)
(480, 3)
(509, 3)
(510, 3)
(523, 3)
(531, 3)
(534, 3)
(539, 3)
(559, 3)
(576, 3)
(577, 3)
(582, 3)
(591, 3)
(593, 3)
(594, 3)
(599, 3)
(601, 3)
(619, 3)
(626, 3)
(631, 3)
(634, 3)
(637, 3)
(683, 3)
(697, 3)
(700, 3)
(702, 3)
(706, 3)
(715, 3)
(721, 3)
(724, 3)
(725, 3)
(729, 3)
(753, 3)
(796, 3)
(5, 4)
(8, 4)
(25, 4)
(31, 4)
(35, 4)
(45, 4)
(69, 4)
(71, 4)
(73, 4)
(77, 4)
(94, 4)
(97, 4)
(106, 4)
(112, 4)
(130, 4)
(148, 4)
(166, 4)
(184, 4)
(185, 4)
(190, 4)
(208, 4)
(213, 4)
(218, 4)
(224, 4)
(231, 4)
(237, 4)
(249, 4)
(261, 4)
(283, 4)
(286, 4)
(288, 4)
(291, 4)
(352, 4)
(355, 4)
(360, 4)
(363, 4)
(368, 4)
(369, 4)
(429, 4)
(451, 4)
(462, 4)
(494, 4)
(495, 4)
(519, 4)
(520, 4)
(534, 4)
(545, 4)
(548, 4)
(554, 4)
(561, 4)
(582, 4)
(587, 4)
(606, 4)
(635, 4)
(637, 4)
(669, 4)
(729, 4)
(741, 4)
(754, 4)
(758, 4)
(759, 4)
(6, 5)
(7, 5)
(12, 5)
(13, 5)
(14, 5)
(31, 5)
(46, 5)
(47, 5)
(50, 5)
(52, 5)
(54, 5)
(56, 5)
(57, 5)
(59, 5)
(62, 5)
(78, 5)
(84, 5)
(94, 5)
(107, 5)
(110, 5)
(112, 5)
(115, 5)
(118, 5)
(121, 5)
(129, 5)
(154, 5)
(164, 5)
(173, 5)
(186, 5)
(210, 5)
(221, 5)
(224, 5)
(230, 5)
(232, 5)
(248, 5)
(252, 5)
(267, 5)
(268, 5)
(269, 5)
(301, 5)
(334, 5)
(359, 5)
(374, 5)
(393, 5)
(416, 5)
(448, 5)
(452, 5)
(471, 5)
(475, 5)
(487, 5)
(504, 5)
(531, 5)
(539, 5)
(555, 5)
(582, 5)
(584, 5)
(619, 5)
(651, 5)
(672, 5)
(673, 5)
(695, 5)
(723, 5)
(728, 5)
(729, 5)
(734, 5)
(737, 5)
(751, 5)
(760, 5)
(787, 5)
(7, 6)
(9, 6)
(26, 6)
(40, 6)
(50, 6)
(56, 6)
(59, 6)
(84, 6)
(88, 6)
(100, 6)
(102, 6)
(127, 6)
(148, 6)
(154, 6)
(158, 6)
(163, 6)
(173, 6)
(178, 6)
(190, 6)
(194, 6)
(226, 6)
(230, 6)
(232, 6)
(238, 6)
(325, 6)
(338, 6)
(363, 6)
(380, 6)
(397, 6)
(406, 6)
(414, 6)
(427, 6)
(456, 6)
(471, 6)
(493, 6)
(511, 6)
(521, 6)
(536, 6)
(543, 6)
(592, 6)
(676, 6)
(715, 6)
(716, 6)
(726, 6)
(766, 6)
(12, 7)
(14, 7)
(17, 7)
(26, 7)
(27, 7)
(30, 7)
(31, 7)
(33, 7)
(38, 7)
(39, 7)
(40, 7)
(46, 7)
(49, 7)
(50, 7)
(52, 7)
(53, 7)
(58, 7)
(61, 7)
(62, 7)
(68, 7)
(72, 7)
(83, 7)
(85, 7)
(88, 7)
(90, 7)
(92, 7)
(93, 7)
(94, 7)
(95, 7)
(100, 7)
(105, 7)
(109, 7)
(111, 7)
(112, 7)
(118, 7)
(119, 7)
(120, 7)
(122, 7)
(127, 7)
(128, 7)
(142, 7)
(148, 7)
(169, 7)
(185, 7)
(204, 7)
(210, 7)
(222, 7)
(226, 7)
(234, 7)
(245, 7)
(252, 7)
(257, 7)
(267, 7)
(269, 7)
(282, 7)
(284, 7)
(299, 7)
(330, 7)
(333, 7)
(339, 7)
(345, 7)
(346, 7)
(373, 7)
(379, 7)
(381, 7)
(386, 7)
(395, 7)
(398, 7)
(400, 7)
(405, 7)
(406, 7)
(417, 7)
(420, 7)
(432, 7)
(436, 7)
(455, 7)
(460, 7)
(469, 7)
(487, 7)
(493, 7)
(499, 7)
(506, 7)
(514, 7)
(517, 7)
(522, 7)
(553, 7)
(565, 7)
(567, 7)
(568, 7)
(569, 7)
(573, 7)
(574, 7)
(600, 7)
(603, 7)
(607, 7)
(609, 7)
(613, 7)
(621, 7)
(625, 7)
(629, 7)
(633, 7)
(640, 7)
(642, 7)
(660, 7)
(668, 7)
(673, 7)
(704, 7)
(731, 7)
(759, 7)
(767, 7)
(771, 7)
(780, 7)
(799, 7)
(10, 8)
(24, 8)
(25, 8)
(36, 8)
(64, 8)
(76, 8)
(90, 8)
(91, 8)
(95, 8)
(99, 8)
(101, 8)
(112, 8)
(116, 8)
(127, 8)
(133, 8)
(144, 8)
(149, 8)
(164, 8)
(216, 8)
(223, 8)
(236, 8)
(258, 8)
(261, 8)
(274, 8)
(275, 8)
(285, 8)
(289, 8)
(302, 8)
(308, 8)
(326, 8)
(327, 8)
(339, 8)
(347, 8)
(360, 8)
(363, 8)
(375, 8)
(388, 8)
(402, 8)
(409, 8)
(428, 8)
(429, 8)
(458, 8)
(462, 8)
(470, 8)
(488, 8)
(524, 8)
(571, 8)
(580, 8)
(588, 8)
(592, 8)
(596, 8)
(658, 8)
(711, 8)
(733, 8)
(735, 8)
(736, 8)
(786, 8)
(790, 8)
(799, 8)
(11, 9)
(12, 9)
(15, 9)
(16, 9)
(18, 9)
(19, 9)
(20, 9)
(22, 9)
(29, 9)
(30, 9)
(32, 9)
(40, 9)
(41, 9)
(43, 9)
(47, 9)
(49, 9)
(66, 9)
(68, 9)
(71, 9)
(76, 9)
(78, 9)
(79, 9)
(87, 9)
(92, 9)
(102, 9)
(109, 9)
(113, 9)
(121, 9)
(132, 9)
(163, 9)
(165, 9)
(172, 9)
(180, 9)
(186, 9)
(193, 9)
(196, 9)
(228, 9)
(239, 9)
(287, 9)
(298, 9)
(300, 9)
(302, 9)
(304, 9)
(313, 9)
(322, 9)
(325, 9)
(356, 9)
(385, 9)
(402, 9)
(407, 9)
(411, 9)
(412, 9)
(419, 9)
(444, 9)
(447, 9)
(449, 9)
(453, 9)
(478, 9)
(483, 9)
(498, 9)
(509, 9)
(512, 9)
(514, 9)
(515, 9)
(516, 9)
(517, 9)
(520, 9)
(533, 9)
(536, 9)
(537, 9)
(552, 9)
(585, 9)
(650, 9)
(670, 9)
(703, 9)
(732, 9)
(786, 9)
(794, 9)
(796, 9)
(798, 9)
(19, 10)
(24, 10)
(139, 10)
(149, 10)
(202, 10)
(231, 10)
(261, 10)
(289, 10)
(360, 10)
(439, 10)
(463, 10)
(470, 10)
(559, 10)
(580, 10)
(594, 10)
(597, 10)
(626, 10)
(653, 10)
(13, 11)
(14, 11)
(15, 11)
(18, 11)
(23, 11)
(25, 11)
(35, 11)
(43, 11)
(44, 11)
(67, 11)
(70, 11)
(73, 11)
(80, 11)
(103, 11)
(114, 11)
(200, 11)
(205, 11)
(229, 11)
(241, 11)
(246, 11)
(264, 11)
(272, 11)
(280, 11)
(305, 11)
(318, 11)
(412, 11)
(428, 11)
(484, 11)
(569, 11)
(641, 11)
(653, 11)
(699, 11)
(773, 11)
(774, 11)
(782, 11)
(13, 12)
(16, 12)
(17, 12)
(20, 12)
(21, 12)
(45, 12)
(46, 12)
(48, 12)
(51, 12)
(56, 12)
(67, 12)
(69, 12)
(81, 12)
(90, 12)
(92, 12)
(120, 12)
(138, 12)
(142, 12)
(146, 12)
(157, 12)
(162, 12)
(171, 12)
(179, 12)
(182, 12)
(203, 12)
(220, 12)
(234, 12)
(245, 12)
(257, 12)
(262, 12)
(272, 12)
(282, 12)
(294, 12)
(302, 12)
(306, 12)
(310, 12)
(323, 12)
(328, 12)
(331, 12)
(338, 12)
(375, 12)
(390, 12)
(403, 12)
(442, 12)
(459, 12)
(468, 12)
(486, 12)
(498, 12)
(503, 12)
(505, 12)
(532, 12)
(536, 12)
(549, 12)
(557, 12)
(620, 12)
(622, 12)
(642, 12)
(652, 12)
(654, 12)
(662, 12)
(672, 12)
(713, 12)
(728, 12)
(795, 12)
(14, 13)
(21, 13)
(25, 13)
(35, 13)
(44, 13)
(45, 13)
(47, 13)
(48, 13)
(51, 13)
(56, 13)
(60, 13)
(82, 13)
(83, 13)
(150, 13)
(155, 13)
(174, 13)
(179, 13)
(181, 13)
(198, 13)
(201, 13)
(211, 13)
(212, 13)
(220, 13)
(223, 13)
(242, 13)
(252, 13)
(259, 13)
(265, 13)
(266, 13)
(278, 13)
(290, 13)
(305, 13)
(324, 13)
(351, 13)
(357, 13)
(388, 13)
(390, 13)
(445, 13)
(459, 13)
(474, 13)
(554, 13)
(563, 13)
(568, 13)
(577, 13)
(647, 13)
(700, 13)
(706, 13)
(707, 13)
(716, 13)
(744, 13)
(765, 13)
(781, 13)
(17, 14)
(21, 14)
(27, 14)
(28, 14)
(31, 14)
(37, 14)
(39, 14)
(52, 14)
(54, 14)
(57, 14)
(67, 14)
(89, 14)
(95, 14)
(103, 14)
(110, 14)
(115, 14)
(133, 14)
(189, 14)
(193, 14)
(214, 14)
(216, 14)
(221, 14)
(237, 14)
(247, 14)
(265, 14)
(280, 14)
(320, 14)
(341, 14)
(356, 14)
(377, 14)
(435, 14)
(511, 14)
(558, 14)
(567, 14)
(568, 14)
(575, 14)
(581, 14)
(602, 14)
(628, 14)
(641, 14)
(655, 14)
(666, 14)
(673, 14)
(694, 14)
(701, 14)
(717, 14)
(728, 14)
(768, 14)
(20, 15)
(22, 15)
(43, 15)
(68, 15)
(70, 15)
(74, 15)
(76, 15)
(92, 15)
(110, 15)
(132, 15)
(150, 15)
(182, 15)
(203, 15)
(208, 15)
(220, 15)
(287, 15)
(289, 15)
(304, 15)
(353, 15)
(402, 15)
(419, 15)
(447, 15)
(453, 15)
(459, 15)
(470, 15)
(532, 15)
(539, 15)
(540, 15)
(576, 15)
(580, 15)
(584, 15)
(727, 15)
(769, 15)
(795, 15)
(17, 16)
(18, 16)
(19, 16)
(28, 16)
(30, 16)
(32, 16)
(34, 16)
(37, 16)
(41, 16)
(42, 16)
(49, 16)
(55, 16)
(64, 16)
(93, 16)
(98, 16)
(107, 16)
(122, 16)
(147, 16)
(165, 16)
(171, 16)
(187, 16)
(188, 16)
(239, 16)
(249, 16)
(258, 16)
(264, 16)
(293, 16)
(329, 16)
(331, 16)
(334, 16)
(367, 16)
(401, 16)
(427, 16)
(430, 16)
(461, 16)
(489, 16)
(510, 16)
(516, 16)
(595, 16)
(628, 16)
(656, 16)
(664, 16)
(705, 16)
(775, 16)
(27, 17)
(28, 17)
(31, 17)
(33, 17)
(36, 17)
(50, 17)
(53, 17)
(58, 17)
(61, 17)
(70, 17)
(72, 17)
(75, 17)
(80, 17)
(81, 17)
(86, 17)
(89, 17)
(100, 17)
(108, 17)
(113, 17)
(117, 17)
(123, 17)
(124, 17)
(125, 17)
(147, 17)
(157, 17)
(176, 17)
(183, 17)
(204, 17)
(209, 17)
(216, 17)
(235, 17)
(242, 17)
(276, 17)
(296, 17)
(299, 17)
(307, 17)
(321, 17)
(331, 17)
(344, 17)
(348, 17)
(358, 17)
(366, 17)
(379, 17)
(394, 17)
(400, 17)
(411, 17)
(454, 17)
(468, 17)
(473, 17)
(478, 17)
(492, 17)
(496, 17)
(521, 17)
(529, 17)
(538, 17)
(557, 17)
(586, 17)
(627, 17)
(648, 17)
(698, 17)
(701, 17)
(708, 17)
(727, 17)
(744, 17)
(777, 17)
(20, 18)
(22, 18)
(23, 18)
(26, 18)
(42, 18)
(52, 18)
(55, 18)
(58, 18)
(59, 18)
(81, 18)
(82, 18)
(119, 18)
(131, 18)
(137, 18)
(139, 18)
(163, 18)
(187, 18)
(206, 18)
(239, 18)
(250, 18)
(280, 18)
(293, 18)
(370, 18)
(378, 18)
(398, 18)
(399, 18)
(409, 18)
(433, 18)
(440, 18)
(479, 18)
(515, 18)
(526, 18)
(528, 18)
(600, 18)
(656, 18)
(749, 18)
(774, 18)
(30, 19)
(32, 19)
(40, 19)
(65, 19)
(107, 19)
(139, 19)
(165, 19)
(197, 19)
(292, 19)
(300, 19)
(311, 19)
(319, 19)
(322, 19)
(323, 19)
(391, 19)
(427, 19)
(436, 19)
(439, 19)
(463, 19)
(533, 19)
(550, 19)
(594, 19)
(619, 19)
(683, 19)
(732, 19)
(22, 20)
(26, 20)
(29, 20)
(92, 20)
(110, 20)
(132, 20)
(142, 20)
(163, 20)
(177, 20)
(180, 20)
(193, 20)
(241, 20)
(246, 20)
(353, 20)
(433, 20)
(451, 20)
(459, 20)
(498, 20)
(552, 20)
(585, 20)
(594, 20)
(713, 20)
(754, 20)
(44, 21)
(45, 21)
(60, 21)
(67, 21)
(69, 21)
(96, 21)
(114, 21)
(116, 21)
(138, 21)
(141, 21)
(153, 21)
(172, 21)
(201, 21)
(265, 21)
(313, 21)
(320, 21)
(357, 21)
(383, 21)
(435, 21)
(439, 21)
(647, 21)
(712, 21)
(717, 21)
(781, 21)
(26, 22)
(29, 22)
(32, 22)
(34, 22)
(59, 22)
(76, 22)
(82, 22)
(113, 22)
(121, 22)
(150, 22)
(151, 22)
(165, 22)
(199, 22)
(233, 22)
(241, 22)
(287, 22)
(309, 22)
(333, 22)
(350, 22)
(409, 22)
(449, 22)
(451, 22)
(460, 22)
(476, 22)
(514, 22)
(519, 22)
(544, 22)
(549, 22)
(565, 22)
(615, 22)
(622, 22)
(636, 22)
(699, 22)
(713, 22)
(720, 22)
(42, 23)
(52, 23)
(54, 23)
(60, 23)
(63, 23)
(137, 23)
(205, 23)
(215, 23)
(318, 23)
(437, 23)
(579, 23)
(600, 23)
(632, 23)
(653, 23)
(672, 23)
(757, 23)
(36, 24)
(53, 24)
(64, 24)
(75, 24)
(76, 24)
(90, 24)
(104, 24)
(127, 24)
(192, 24)
(199, 24)
(202, 24)
(206, 24)
(216, 24)
(232, 24)
(274, 24)
(275, 24)
(284, 24)
(309, 24)
(310, 24)
(327, 24)
(332, 24)
(422, 24)
(423, 24)
(426, 24)
(429, 24)
(513, 24)
(518, 24)
(548, 24)
(610, 24)
(749, 24)
(753, 24)
(35, 25)
(48, 25)
(51, 25)
(82, 25)
(89, 25)
(91, 25)
(112, 25)
(130, 25)
(145, 25)
(157, 25)
(174, 25)
(181, 25)
(185, 25)
(198, 25)
(203, 25)
(207, 25)
(213, 25)
(244, 25)
(264, 25)
(283, 25)
(402, 25)
(498, 25)
(527, 25)
(561, 25)
(563, 25)
(687, 25)
(738, 25)
(782, 25)
(27, 26)
(40, 26)
(59, 26)
(66, 26)
(83, 26)
(101, 26)
(109, 26)
(139, 26)
(158, 26)
(178, 26)
(235, 26)
(241, 26)
(335, 26)
(433, 26)
(594, 26)
(605, 26)
(665, 26)
(686, 26)
(688, 26)
(699, 26)
(713, 26)
(739, 26)
(28, 27)
(30, 27)
(33, 27)
(37, 27)
(38, 27)
(66, 27)
(68, 27)
(83, 27)
(86, 27)
(101, 27)
(103, 27)
(135, 27)
(137, 27)
(140, 27)
(141, 27)
(216, 27)
(240, 27)
(251, 27)
(255, 27)
(291, 27)
(292, 27)
(335, 27)
(389, 27)
(397, 27)
(450, 27)
(454, 27)
(506, 27)
(551, 27)
(645, 27)
(785, 27)
(36, 28)
(37, 28)
(38, 28)
(70, 28)
(108, 28)
(129, 28)
(137, 28)
(138, 28)
(147, 28)
(156, 28)
(161, 28)
(191, 28)
(268, 28)
(315, 28)
(336, 28)
(341, 28)
(415, 28)
(454, 28)
(492, 28)
(506, 28)
(508, 28)
(557, 28)
(614, 28)
(770, 28)
(779, 28)
(792, 28)
(32, 29)
(34, 29)
(43, 29)
(47, 29)
(71, 29)
(78, 29)
(117, 29)
(169, 29)
(180, 29)
(209, 29)
(233, 29)
(263, 29)
(293, 29)
(329, 29)
(353, 29)
(364, 29)
(378, 29)
(449, 29)
(531, 29)
(550, 29)
(612, 29)
(622, 29)
(33, 30)
(38, 30)
(39, 30)
(40, 30)
(41, 30)
(57, 30)
(65, 30)
(68, 30)
(74, 30)
(79, 30)
(84, 30)
(87, 30)
(91, 30)
(96, 30)
(99, 30)
(141, 30)
(152, 30)
(165, 30)
(174, 30)
(185, 30)
(188, 30)
(207, 30)
(229, 30)
(240, 30)
(282, 30)
(292, 30)
(295, 30)
(311, 30)
(361, 30)
(382, 30)
(443, 30)
(516, 30)
(590, 30)
(635, 30)
(655, 30)
(659, 30)
(752, 30)
(755, 30)
(787, 30)
(39, 31)
(50, 31)
(61, 31)
(62, 31)
(85, 31)
(89, 31)
(94, 31)
(97, 31)
(117, 31)
(133, 31)
(156, 31)
(175, 31)
(183, 31)
(231, 31)
(237, 31)
(268, 31)
(270, 31)
(321, 31)
(342, 31)
(377, 31)
(395, 31)
(401, 31)
(410, 31)
(413, 31)
(432, 31)
(438, 31)
(451, 31)
(500, 31)
(525, 31)
(534, 31)
(544, 31)
(655, 31)
(666, 31)
(709, 31)
(720, 31)
(729, 31)
(751, 31)
(775, 31)
(34, 32)
(43, 32)
(63, 32)
(107, 32)
(113, 32)
(134, 32)
(169, 32)
(196, 32)
(197, 32)
(249, 32)
(258, 32)
(329, 32)
(334, 32)
(347, 32)
(355, 32)
(376, 32)
(396, 32)
(425, 32)
(436, 32)
(438, 32)
(441, 32)
(444, 32)
(476, 32)
(483, 32)
(492, 32)
(614, 32)
(670, 32)
(730, 32)
(782, 32)
(38, 33)
(39, 33)
(41, 33)
(49, 33)
(57, 33)
(61, 33)
(72, 33)
(77, 33)
(86, 33)
(111, 33)
(113, 33)
(135, 33)
(140, 33)
(152, 33)
(162, 33)
(170, 33)
(234, 33)
(257, 33)
(262, 33)
(269, 33)
(297, 33)
(314, 33)
(319, 33)
(321, 33)
(366, 33)
(371, 33)
(384, 33)
(396, 33)
(399, 33)
(411, 33)
(446, 33)
(516, 33)
(567, 33)
(598, 33)
(609, 33)
(640, 33)
(642, 33)
(678, 33)
(685, 33)
(690, 33)
(693, 33)
(762, 33)
(785, 33)
(42, 34)
(63, 34)
(98, 34)
(134, 34)
(159, 34)
(225, 34)
(233, 34)
(249, 34)
(264, 34)
(293, 34)
(297, 34)
(349, 34)
(364, 34)
(367, 34)
(380, 34)
(425, 34)
(450, 34)
(460, 34)
(518, 34)
(530, 34)
(601, 34)
(606, 34)
(614, 34)
(636, 34)
(647, 34)
(709, 34)
(73, 35)
(82, 35)
(88, 35)
(106, 35)
(118, 35)
(184, 35)
(207, 35)
(236, 35)
(295, 35)
(305, 35)
(465, 35)
(559, 35)
(687, 35)
(782, 35)
(70, 36)
(76, 36)
(101, 36)
(104, 36)
(105, 36)
(124, 36)
(129, 36)
(138, 36)
(164, 36)
(175, 36)
(183, 36)
(191, 36)
(192, 36)
(263, 36)
(279, 36)
(285, 36)
(296, 36)
(336, 36)
(382, 36)
(454, 36)
(617, 36)
(770, 36)
(797, 36)
(38, 37)
(103, 37)
(168, 37)
(237, 37)
(240, 37)
(341, 37)
(437, 37)
(591, 37)
(39, 38)
(41, 38)
(46, 38)
(49, 38)
(87, 38)
(93, 38)
(115, 38)
(123, 38)
(128, 38)
(185, 38)
(262, 38)
(297, 38)
(346, 38)
(348, 38)
(442, 38)
(454, 38)
(471, 38)
(644, 38)
(701, 38)
(780, 38)
(41, 39)
(46, 39)
(57, 39)
(65, 39)
(77, 39)
(85, 39)
(96, 39)
(111, 39)
(133, 39)
(152, 39)
(162, 39)
(166, 39)
(184, 39)
(247, 39)
(382, 39)
(395, 39)
(416, 39)
(546, 39)
(664, 39)
(65, 40)
(88, 40)
(109, 40)
(154, 40)
(158, 40)
(300, 40)
(323, 40)
(325, 40)
(436, 40)
(485, 40)
(494, 40)
(522, 40)
(618, 40)
(732, 40)
(771, 40)
(46, 41)
(49, 41)
(66, 41)
(79, 41)
(84, 41)
(85, 41)
(87, 41)
(111, 41)
(124, 41)
(174, 41)
(194, 41)
(229, 41)
(320, 41)
(356, 41)
(358, 41)
(361, 41)
(364, 41)
(447, 41)
(449, 41)
(461, 41)
(467, 41)
(581, 41)
(608, 41)
(644, 41)
(718, 41)
(726, 41)
(792, 41)
(52, 42)
(54, 42)
(55, 42)
(58, 42)
(60, 42)
(63, 42)
(86, 42)
(93, 42)
(98, 42)
(221, 42)
(225, 42)
(228, 42)
(250, 42)
(297, 42)
(466, 42)
(489, 42)
(617, 42)
(628, 42)
(629, 42)
(631, 42)
(632, 42)
(637, 42)
(684, 42)
(775, 42)
(797, 42)
(47, 43)
(70, 43)
(74, 43)
(117, 43)
(132, 43)
(149, 43)
(167, 43)
(169, 43)
(196, 43)
(278, 43)
(289, 43)
(347, 43)
(355, 43)
(482, 43)
(540, 43)
(722, 43)
(730, 43)
(769, 43)
(786, 43)
(103, 44)
(106, 44)
(136, 44)
(140, 44)
(200, 44)
(229, 44)
(434, 44)
(484, 44)
(530, 44)
(602, 44)
(48, 45)
(60, 45)
(69, 45)
(83, 45)
(114, 45)
(135, 45)
(204, 45)
(218, 45)
(272, 45)
(278, 45)
(282, 45)
(286, 45)
(368, 45)
(392, 45)
(439, 45)
(479, 45)
(491, 45)
(503, 45)
(575, 45)
(675, 45)
(714, 45)
(85, 46)
(87, 46)
(90, 46)
(115, 46)
(123, 46)
(184, 46)
(230, 46)
(262, 46)
(455, 46)
(504, 46)
(549, 46)
(608, 46)
(616, 46)
(639, 46)
(672, 46)
(734, 46)
(771, 46)
(71, 47)
(117, 47)
(172, 47)
(186, 47)
(252, 47)
(278, 47)
(300, 47)
(390, 47)
(508, 47)
(520, 47)
(679, 47)
(703, 47)
(722, 47)
(752, 47)
(786, 47)
(51, 48)
(83, 48)
(89, 48)
(150, 48)
(160, 48)
(211, 48)
(213, 48)
(223, 48)
(243, 48)
(244, 48)
(266, 48)
(272, 48)
(274, 48)
(317, 48)
(322, 48)
(350, 48)
(359, 48)
(370, 48)
(393, 48)
(412, 48)
(469, 48)
(535, 48)
(557, 48)
(593, 48)
(666, 48)
(675, 48)
(700, 48)
(710, 48)
(758, 48)
(778, 48)
(788, 48)
(66, 49)
(93, 49)
(262, 49)
(320, 49)
(442, 49)
(461, 49)
(471, 49)
(541, 49)
(640, 49)
(642, 49)
(668, 49)
(675, 49)
(701, 49)
(56, 50)
(61, 50)
(72, 50)
(75, 50)
(85, 50)
(112, 50)
(127, 50)
(173, 50)
(175, 50)
(270, 50)
(276, 50)
(325, 50)
(335, 50)
(405, 50)
(406, 50)
(413, 50)
(460, 50)
(469, 50)
(475, 50)
(488, 50)
(627, 50)
(629, 50)
(657, 50)
(783, 50)
(56, 51)
(174, 51)
(198, 51)
(211, 51)
(223, 51)
(290, 51)
(346, 51)
(351, 51)
(388, 51)
(501, 51)
(557, 51)
(620, 51)
(666, 51)
(716, 51)
(758, 51)
(762, 51)
(54, 52)
(55, 52)
(86, 52)
(95, 52)
(137, 52)
(145, 52)
(187, 52)
(215, 52)
(248, 52)
(279, 52)
(303, 52)
(387, 52)
(466, 52)
(489, 52)
(737, 52)
(58, 53)
(62, 53)
(75, 53)
(80, 53)
(98, 53)
(134, 53)
(167, 53)
(189, 53)
(195, 53)
(206, 53)
(232, 53)
(254, 53)
(256, 53)
(285, 53)
(310, 53)
(312, 53)
(318, 53)
(326, 53)
(332, 53)
(340, 53)
(377, 53)
(408, 53)
(424, 53)
(464, 53)
(467, 53)
(499, 53)
(513, 53)
(526, 53)
(561, 53)
(569, 53)
(587, 53)
(609, 53)
(627, 53)
(677, 53)
(679, 53)
(682, 53)
(696, 53)
(711, 53)
(724, 53)
(737, 53)
(769, 53)
(777, 53)
(57, 54)
(86, 54)
(145, 54)
(186, 54)
(193, 54)
(215, 54)
(250, 54)
(254, 54)
(273, 54)
(279, 54)
(281, 54)
(303, 54)
(324, 54)
(368, 54)
(371, 54)
(421, 54)
(456, 54)
(461, 54)
(474, 54)
(523, 54)
(611, 54)
(632, 54)
(672, 54)
(723, 54)
(58, 55)
(81, 55)
(131, 55)
(187, 55)
(221, 55)
(226, 55)
(280, 55)
(370, 55)
(424, 55)
(526, 55)
(604, 55)
(774, 55)
(59, 56)
(179, 56)
(190, 56)
(198, 56)
(211, 56)
(212, 56)
(219, 56)
(259, 56)
(305, 56)
(325, 56)
(346, 56)
(406, 56)
(414, 56)
(442, 56)
(475, 56)
(536, 56)
(576, 56)
(620, 56)
(626, 56)
(630, 56)
(686, 56)
(691, 56)
(723, 56)
(756, 56)
(65, 57)
(74, 57)
(77, 57)
(79, 57)
(110, 57)
(166, 57)
(186, 57)
(189, 57)
(193, 57)
(212, 57)
(214, 57)
(224, 57)
(254, 57)
(307, 57)
(331, 57)
(393, 57)
(410, 57)
(452, 57)
(456, 57)
(477, 57)
(504, 57)
(516, 57)
(531, 57)
(590, 57)
(598, 57)
(616, 57)
(643, 57)
(650, 57)
(671, 57)
(714, 57)
(751, 57)
(760, 57)
(795, 57)
(62, 58)
(120, 58)
(131, 58)
(170, 58)
(204, 58)
(221, 58)
(225, 58)
(281, 58)
(479, 58)
(565, 58)
(568, 58)
(603, 58)
(607, 58)
(745, 58)
(84, 59)
(139, 59)
(190, 59)
(194, 59)
(197, 59)
(219, 59)
(301, 59)
(366, 59)
(389, 59)
(398, 59)
(551, 59)
(564, 59)
(605, 59)
(686, 59)
(713, 59)
(739, 59)
(776, 59)
(63, 60)
(201, 60)
(278, 60)
(324, 60)
(437, 60)
(475, 60)
(479, 60)
(617, 60)
(629, 60)
(763, 60)
(72, 61)
(105, 61)
(117, 61)
(147, 61)
(160, 61)
(234, 61)
(235, 61)
(257, 61)
(260, 61)
(270, 61)
(276, 61)
(314, 61)
(384, 61)
(405, 61)
(488, 61)
(538, 61)
(544, 61)
(643, 61)
(656, 61)
(708, 61)
(730, 61)
(107, 62)
(120, 62)
(164, 62)
(170, 62)
(178, 62)
(188, 62)
(268, 62)
(281, 62)
(342, 62)
(500, 62)
(579, 62)
(600, 62)
(609, 62)
(721, 62)
(768, 62)
(134, 63)
(159, 63)
(225, 63)
(492, 63)
(566, 63)
(629, 63)
(731, 63)
(764, 63)
(95, 64)
(126, 64)
(192, 64)
(216, 64)
(298, 64)
(367, 64)
(369, 64)
(422, 64)
(423, 64)
(426, 64)
(441, 64)
(464, 64)
(524, 64)
(596, 64)
(753, 64)
(74, 65)
(79, 65)
(96, 65)
(125, 65)
(153, 65)
(159, 65)
(292, 65)
(311, 65)
(323, 65)
(357, 65)
(391, 65)
(395, 65)
(410, 65)
(452, 65)
(643, 65)
(664, 65)
(683, 65)
(755, 65)
(101, 66)
(235, 66)
(292, 66)
(320, 66)
(391, 66)
(447, 66)
(688, 66)
(718, 66)
(724, 66)
(73, 67)
(80, 67)
(96, 67)
(138, 67)
(162, 67)
(214, 67)
(227, 67)
(260, 67)
(271, 67)
(280, 67)
(313, 67)
(351, 67)
(352, 67)
(428, 67)
(435, 67)
(477, 67)
(483, 67)
(511, 67)
(572, 67)
(581, 67)
(586, 67)
(694, 67)
(728, 67)
(794, 67)
(109, 68)
(282, 68)
(287, 68)
(311, 68)
(528, 68)
(539, 68)
(114, 69)
(130, 69)
(135, 69)
(141, 69)
(204, 69)
(218, 69)
(243, 69)
(253, 69)
(261, 69)
(286, 69)
(291, 69)
(316, 69)
(344, 69)
(352, 69)
(491, 69)
(503, 69)
(510, 69)
(545, 69)
(562, 69)
(583, 69)
(613, 69)
(620, 69)
(714, 69)
(756, 69)
(759, 69)
(108, 70)
(124, 70)
(132, 70)
(149, 70)
(156, 70)
(175, 70)
(208, 70)
(210, 70)
(315, 70)
(358, 70)
(400, 70)
(482, 70)
(535, 70)
(681, 70)
(692, 70)
(770, 70)
(789, 70)
(78, 71)
(97, 71)
(131, 71)
(146, 71)
(148, 71)
(166, 71)
(171, 71)
(172, 71)
(177, 71)
(180, 71)
(181, 71)
(196, 71)
(209, 71)
(238, 71)
(298, 71)
(303, 71)
(384, 71)
(465, 71)
(484, 71)
(502, 71)
(534, 71)
(589, 71)
(618, 71)
(633, 71)
(665, 71)
(758, 71)
(75, 72)
(108, 72)
(123, 72)
(160, 72)
(170, 72)
(234, 72)
(276, 72)
(345, 72)
(396, 72)
(400, 72)
(538, 72)
(563, 72)
(588, 72)
(601, 72)
(648, 72)
(656, 72)
(685, 72)
(698, 72)
(705, 72)
(742, 72)
(783, 72)
(80, 73)
(214, 73)
(227, 73)
(260, 73)
(586, 73)
(587, 73)
(79, 74)
(91, 74)
(125, 74)
(153, 74)
(289, 74)
(418, 74)
(425, 74)
(443, 74)
(542, 74)
(570, 74)
(580, 74)
(590, 74)
(634, 74)
(655, 74)
(689, 74)
(787, 74)
(108, 75)
(209, 75)
(299, 75)
(310, 75)
(312, 75)
(327, 75)
(330, 75)
(394, 75)
(697, 75)
(783, 75)
(104, 76)
(105, 76)
(150, 76)
(165, 76)
(182, 76)
(195, 76)
(199, 76)
(202, 76)
(302, 76)
(316, 76)
(350, 76)
(365, 76)
(407, 76)
(419, 76)
(470, 76)
(486, 76)
(544, 76)
(638, 76)
(106, 77)
(162, 77)
(166, 77)
(212, 77)
(416, 77)
(559, 77)
(578, 77)
(598, 77)
(609, 77)
(624, 77)
(637, 77)
(714, 77)
(209, 78)
(378, 78)
(407, 78)
(448, 78)
(452, 78)
(473, 78)
(796, 78)
(84, 79)
(87, 79)
(99, 79)
(102, 79)
(124, 79)
(125, 79)
(159, 79)
(356, 79)
(357, 79)
(410, 79)
(418, 79)
(425, 79)
(478, 79)
(542, 79)
(581, 79)
(704, 79)
(100, 80)
(260, 80)
(428, 80)
(569, 80)
(699, 80)
(724, 80)
(119, 81)
(120, 81)
(146, 81)
(226, 81)
(280, 81)
(294, 81)
(307, 81)
(344, 81)
(424, 81)
(490, 81)
(505, 81)
(515, 81)
(528, 81)
(564, 81)
(566, 81)
(651, 81)
(652, 81)
(708, 81)
(715, 81)
(740, 81)
(206, 82)
(207, 82)
(409, 82)
(150, 83)
(160, 83)
(415, 83)
(459, 83)
(535, 83)
(696, 83)
(766, 83)
(99, 84)
(102, 84)
(124, 84)
(152, 84)
(158, 84)
(174, 84)
(194, 84)
(197, 84)
(301, 84)
(358, 84)
(363, 84)
(364, 84)
(366, 84)
(389, 84)
(397, 84)
(490, 84)
(589, 84)
(717, 84)
(765, 84)
(94, 85)
(111, 85)
(156, 85)
(175, 85)
(184, 85)
(335, 85)
(342, 85)
(406, 85)
(476, 85)
(596, 85)
(608, 85)
(616, 85)
(707, 85)
(145, 86)
(187, 86)
(250, 86)
(321, 86)
(324, 86)
(343, 86)
(371, 86)
(373, 86)
(376, 86)
(420, 86)
(461, 86)
(466, 86)
(474, 86)
(543, 86)
(578, 86)
(785, 86)
(115, 87)
(348, 87)
(504, 87)
(644, 87)
(100, 88)
(118, 88)
(122, 88)
(126, 88)
(154, 88)
(201, 88)
(205, 88)
(217, 88)
(219, 88)
(236, 88)
(244, 88)
(398, 88)
(417, 88)
(445, 88)
(465, 88)
(494, 88)
(522, 88)
(592, 88)
(766, 88)
(183, 89)
(213, 89)
(242, 89)
(274, 89)
(322, 89)
(370, 89)
(377, 89)
(556, 89)
(701, 89)
(92, 90)
(99, 90)
(104, 90)
(169, 90)
(262, 90)
(275, 90)
(294, 90)
(338, 90)
(403, 90)
(423, 90)
(429, 90)
(455, 90)
(488, 90)
(493, 90)
(571, 90)
(615, 90)
(658, 90)
(771, 90)
(144, 91)
(145, 91)
(153, 91)
(157, 91)
(161, 91)
(306, 91)
(381, 91)
(443, 91)
(541, 91)
(592, 91)
(634, 91)
(640, 91)
(649, 91)
(689, 91)
(703, 91)
(110, 92)
(132, 92)
(142, 92)
(169, 92)
(177, 92)
(234, 92)
(294, 92)
(304, 92)
(338, 92)
(411, 92)
(423, 92)
(499, 92)
(509, 92)
(532, 92)
(574, 92)
(622, 92)
(670, 92)
(122, 93)
(128, 93)
(228, 93)
(299, 93)
(345, 93)
(401, 93)
(442, 93)
(541, 93)
(573, 93)
(595, 93)
(668, 93)
(97, 94)
(111, 94)
(156, 94)
(208, 94)
(245, 94)
(270, 94)
(321, 94)
(372, 94)
(410, 94)
(438, 94)
(525, 94)
(596, 94)
(751, 94)
(793, 94)
(116, 95)
(192, 95)
(596, 95)
(673, 95)
(116, 96)
(128, 96)
(153, 96)
(168, 96)
(313, 96)
(382, 96)
(395, 96)
(418, 96)
(483, 96)
(546, 96)
(572, 96)
(659, 96)
(712, 96)
(725, 96)
(745, 96)
(755, 96)
(131, 97)
(143, 97)
(146, 97)
(181, 97)
(208, 97)
(217, 97)
(231, 97)
(253, 97)
(270, 97)
(312, 97)
(372, 97)
(401, 97)
(457, 97)
(484, 97)
(497, 97)
(529, 97)
(593, 97)
(611, 97)
(630, 97)
(741, 97)
(753, 97)
(793, 97)
(134, 98)
(143, 98)
(167, 98)
(189, 98)
(195, 98)
(239, 98)
(285, 98)
(297, 98)
(354, 98)
(367, 98)
(430, 98)
(455, 98)
(472, 98)
(489, 98)
(507, 98)
(628, 98)
(797, 98)
(152, 99)
(158, 99)
(207, 99)
(236, 99)
(275, 99)
(388, 99)
(490, 99)
(658, 99)
(791, 99)
(122, 100)
(126, 100)
(201, 100)
(205, 100)
(215, 100)
(277, 100)
(339, 100)
(538, 100)
(592, 100)
(706, 100)
(164, 101)
(191, 101)
(235, 101)
(335, 101)
(391, 101)
(428, 101)
(450, 101)
(665, 101)
(158, 102)
(536, 102)
(716, 102)
(106, 103)
(114, 103)
(144, 103)
(237, 103)
(240, 103)
(286, 103)
(386, 103)
(484, 103)
(530, 103)
(567, 103)
(602, 103)
(682, 103)
(105, 104)
(195, 104)
(199, 104)
(316, 104)
(382, 104)
(638, 104)
(195, 105)
(382, 105)
(420, 105)
(617, 105)
(140, 106)
(144, 106)
(184, 106)
(213, 106)
(369, 106)
(530, 106)
(164, 107)
(188, 107)
(258, 107)
(334, 107)
(376, 107)
(427, 107)
(436, 107)
(582, 107)
(664, 107)
(697, 107)
(725, 107)
(768, 107)
(123, 108)
(125, 108)
(156, 108)
(176, 108)
(209, 108)
(290, 108)
(345, 108)
(400, 108)
(419, 108)
(492, 108)
(547, 108)
(652, 108)
(681, 108)
(727, 108)
(436, 109)
(485, 109)
(115, 110)
(121, 110)
(129, 110)
(142, 110)
(155, 110)
(189, 110)
(233, 110)
(296, 110)
(337, 110)
(404, 110)
(431, 110)
(472, 110)
(532, 110)
(555, 110)
(625, 110)
(650, 110)
(688, 110)
(689, 110)
(750, 110)
(754, 110)
(784, 110)
(795, 110)
(152, 111)
(399, 111)
(525, 111)
(762, 111)
(130, 112)
(355, 112)
(363, 112)
(402, 112)
(527, 112)
(735, 112)
(738, 112)
(799, 112)
(121, 113)
(151, 113)
(222, 113)
(269, 113)
(777, 113)
(141, 114)
(218, 114)
(246, 114)
(344, 114)
(433, 114)
(439, 114)
(510, 114)
(735, 114)
(121, 115)
(123, 115)
(155, 115)
(221, 115)
(230, 115)
(296, 115)
(348, 115)
(497, 115)
(504, 115)
(602, 115)
(128, 116)
(133, 116)
(136, 116)
(151, 116)
(153, 116)
(172, 116)
(271, 116)
(328, 116)
(383, 116)
(414, 116)
(457, 116)
(487, 116)
(495, 116)
(501, 116)
(572, 116)
(612, 116)
(654, 116)
(725, 116)
(745, 116)
(147, 117)
(278, 117)
(300, 117)
(544, 117)
(730, 117)
(752, 117)
(119, 118)
(252, 118)
(295, 118)
(301, 118)
(365, 118)
(374, 118)
(448, 118)
(465, 118)
(553, 118)
(558, 118)
(571, 118)
(619, 118)
(365, 119)
(515, 119)
(564, 119)
(715, 119)
(146, 120)
(170, 120)
(178, 120)
(179, 120)
(245, 120)
(496, 120)
(568, 120)
(600, 120)
(719, 120)
(759, 120)
(785, 120)
(129, 121)
(151, 121)
(155, 121)
(222, 121)
(287, 121)
(337, 121)
(359, 121)
(514, 121)
(615, 121)
(688, 121)
(755, 121)
(784, 121)
(126, 122)
(339, 122)
(398, 122)
(401, 122)
(517, 122)
(573, 122)
(125, 123)
(230, 123)
(379, 123)
(563, 123)
(194, 124)
(210, 124)
(263, 124)
(296, 124)
(308, 124)
(317, 124)
(358, 124)
(473, 124)
(478, 124)
(496, 124)
(159, 125)
(176, 125)
(290, 125)
(379, 125)
(418, 125)
(468, 125)
(547, 125)
(644, 125)
(648, 125)
(704, 125)
(760, 125)
(793, 125)
(201, 126)
(298, 126)
(464, 126)
(148, 127)
(163, 127)
(238, 127)
(275, 127)
(373, 127)
(470, 127)
(480, 127)
(136, 128)
(168, 128)
(271, 128)
(277, 128)
(299, 128)
(332, 128)
(346, 128)
(381, 128)
(383, 128)
(392, 128)
(414, 128)
(418, 128)
(485, 128)
(507, 128)
(553, 128)
(572, 128)
(693, 128)
(138, 129)
(161, 129)
(173, 129)
(183, 129)
(191, 129)
(233, 129)
(337, 129)
(359, 129)
(415, 129)
(431, 129)
(444, 129)
(574, 129)
(625, 129)
(689, 129)
(243, 130)
(261, 130)
(283, 130)
(355, 130)
(430, 130)
(561, 130)
(663, 130)
(738, 130)
(143, 131)
(171, 131)
(181, 131)
(251, 131)
(340, 131)
(384, 131)
(479, 131)
(599, 131)
(745, 131)
(149, 132)
(167, 132)
(177, 132)
(193, 132)
(208, 132)
(315, 132)
(540, 132)
(796, 132)
(247, 133)
(409, 133)
(575, 133)
(655, 133)
(676, 133)
(720, 133)
(167, 134)
(254, 134)
(256, 134)
(455, 134)
(492, 134)
(499, 134)
(526, 134)
(555, 134)
(677, 134)
(731, 134)
(140, 135)
(204, 135)
(253, 135)
(291, 135)
(319, 135)
(389, 135)
(392, 135)
(397, 135)
(503, 135)
(545, 135)
(560, 135)
(575, 135)
(645, 135)
(660, 135)
(151, 136)
(255, 136)
(271, 136)
(277, 136)
(328, 136)
(332, 136)
(372, 136)
(392, 136)
(443, 136)
(495, 136)
(507, 136)
(553, 136)
(743, 136)
(268, 137)
(600, 137)
(161, 138)
(162, 138)
(315, 138)
(336, 138)
(351, 138)
(352, 138)
(435, 138)
(590, 138)
(202, 139)
(319, 139)
(398, 139)
(439, 139)
(559, 139)
(599, 139)
(605, 139)
(698, 139)
(291, 140)
(551, 140)
(660, 140)
(240, 141)
(251, 141)
(255, 141)
(337, 141)
(344, 141)
(413, 141)
(502, 141)
(182, 142)
(256, 142)
(257, 142)
(267, 142)
(608, 142)
(631, 142)
(642, 142)
(754, 142)
(798, 142)
(239, 143)
(251, 143)
(593, 143)
(604, 143)
(667, 143)
(161, 144)
(200, 144)
(223, 144)
(288, 144)
(306, 144)
(308, 144)
(336, 144)
(426, 144)
(453, 144)
(458, 144)
(592, 144)
(649, 144)
(694, 144)
(157, 145)
(187, 145)
(203, 145)
(248, 145)
(279, 145)
(281, 145)
(324, 145)
(343, 145)
(376, 145)
(381, 145)
(387, 145)
(404, 145)
(421, 145)
(541, 145)
(543, 145)
(624, 145)
(661, 145)
(685, 145)
(703, 145)
(784, 145)
(238, 146)
(253, 146)
(505, 146)
(651, 146)
(654, 146)
(235, 147)
(260, 147)
(557, 147)
(614, 147)
(744, 147)
(779, 147)
(166, 148)
(190, 148)
(196, 148)
(226, 148)
(227, 148)
(238, 148)
(266, 148)
(284, 148)
(343, 148)
(373, 148)
(427, 148)
(456, 148)
(462, 148)
(466, 148)
(480, 148)
(583, 148)
(623, 148)
(660, 148)
(715, 148)
(788, 148)
(167, 149)
(289, 149)
(315, 149)
(482, 149)
(681, 149)
(160, 150)
(182, 150)
(243, 150)
(350, 150)
(415, 150)
(459, 150)
(549, 150)
(565, 150)
(638, 150)
(727, 150)
(222, 151)
(255, 151)
(287, 151)
(309, 151)
(314, 151)
(328, 151)
(743, 151)
(207, 152)
(399, 152)
(490, 152)
(717, 152)
(752, 152)
(634, 153)
(712, 153)
(725, 153)
(232, 154)
(248, 154)
(380, 154)
(417, 154)
(434, 154)
(494, 154)
(509, 154)
(521, 154)
(543, 154)
(577, 154)
(646, 154)
(651, 154)
(674, 154)
(732, 154)
(757, 154)
(242, 155)
(296, 155)
(497, 155)
(688, 155)
(755, 155)
(410, 156)
(596, 156)
(294, 157)
(328, 157)
(344, 157)
(381, 157)
(390, 157)
(490, 157)
(529, 157)
(621, 157)
(225, 159)
(349, 159)
(357, 159)
(566, 159)
(647, 159)
(704, 159)
(709, 159)
(760, 159)
(243, 160)
(276, 160)
(317, 160)
(415, 160)
(535, 160)
(696, 160)
(742, 160)
(766, 160)
(306, 161)
(315, 161)
(351, 162)
(590, 162)
(609, 162)
(624, 162)
(678, 162)
(693, 162)
(173, 163)
(585, 163)
(191, 164)
(279, 164)
(285, 164)
(334, 164)
(669, 164)
(768, 164)
(188, 165)
(199, 165)
(329, 165)
(407, 165)
(486, 165)
(196, 166)
(212, 166)
(227, 166)
(266, 166)
(303, 166)
(343, 166)
(387, 166)
(416, 166)
(466, 166)
(542, 166)
(578, 166)
(710, 166)
(718, 166)
(254, 167)
(285, 167)
(340, 167)
(377, 167)
(674, 167)
(682, 167)
(747, 167)
(176, 168)
(418, 168)
(591, 168)
(294, 169)
(304, 169)
(355, 169)
(615, 169)
(661, 169)
(680, 169)
(791, 169)
(178, 170)
(281, 170)
(496, 170)
(601, 170)
(685, 170)
(705, 170)
(721, 170)
(177, 171)
(265, 171)
(362, 171)
(384, 171)
(510, 171)
(599, 171)
(633, 171)
(665, 171)
(180, 172)
(186, 172)
(228, 172)
(247, 172)
(313, 172)
(508, 172)
(515, 172)
(595, 172)
(233, 173)
(404, 173)
(555, 173)
(750, 173)
(181, 174)
(198, 174)
(229, 174)
(259, 174)
(290, 174)
(501, 174)
(210, 175)
(263, 175)
(308, 175)
(335, 175)
(342, 175)
(535, 175)
(707, 175)
(797, 175)
(290, 176)
(419, 176)
(468, 176)
(644, 176)
(793, 176)
(265, 177)
(362, 177)
(446, 177)
(534, 177)
(634, 177)
(338, 178)
(493, 178)
(496, 178)
(198, 179)
(220, 179)
(245, 179)
(375, 179)
(442, 179)
(576, 179)
(691, 179)
(719, 179)
(736, 179)
(785, 179)
(228, 180)
(246, 180)
(247, 180)
(263, 180)
(298, 180)
(385, 180)
(465, 180)
(480, 180)
(512, 180)
(552, 180)
(595, 180)
(605, 180)
(700, 180)
(763, 180)
(259, 181)
(484, 181)
(529, 181)
(546, 181)
(563, 181)
(765, 181)
(256, 182)
(257, 182)
(267, 182)
(310, 182)
(422, 182)
(532, 182)
(623, 182)
(727, 182)
(770, 182)
(242, 183)
(556, 183)
(494, 184)
(616, 184)
(635, 184)
(295, 185)
(498, 185)
(545, 185)
(582, 185)
(224, 186)
(254, 186)
(273, 186)
(313, 186)
(368, 186)
(416, 186)
(508, 186)
(520, 186)
(533, 186)
(659, 186)
(667, 186)
(723, 186)
(751, 186)
(798, 186)
(248, 187)
(293, 187)
(343, 187)
(370, 187)
(378, 187)
(385, 187)
(399, 187)
(404, 187)
(440, 187)
(570, 187)
(746, 187)
(329, 188)
(697, 188)
(195, 189)
(318, 189)
(424, 189)
(472, 189)
(650, 189)
(764, 189)
(219, 190)
(360, 190)
(406, 190)
(519, 190)
(564, 190)
(726, 190)
(279, 191)
(415, 191)
(574, 191)
(669, 191)
(792, 191)
(367, 192)
(369, 192)
(524, 192)
(214, 193)
(307, 193)
(331, 193)
(481, 193)
(662, 193)
(796, 193)
(197, 194)
(358, 194)
(363, 194)
(551, 194)
(589, 194)
(765, 194)
(316, 195)
(472, 195)
(227, 196)
(303, 196)
(347, 196)
(387, 196)
(421, 196)
(444, 196)
(589, 196)
(366, 197)
(396, 197)
(533, 197)
(551, 197)
(670, 197)
(212, 198)
(220, 198)
(259, 198)
(544, 199)
(638, 199)
(223, 200)
(229, 200)
(241, 200)
(273, 200)
(288, 200)
(326, 200)
(426, 200)
(434, 200)
(527, 200)
(560, 200)
(588, 200)
(722, 200)
(778, 200)
(205, 201)
(217, 201)
(277, 201)
(324, 201)
(357, 201)
(445, 201)
(474, 201)
(475, 201)
(780, 201)
(274, 202)
(284, 202)
(302, 202)
(309, 202)
(327, 202)
(354, 202)
(365, 202)
(375, 202)
(408, 202)
(537, 202)
(548, 202)
(598, 202)
(599, 202)
(610, 202)
(649, 202)
(658, 202)
(736, 202)
(220, 203)
(283, 203)
(306, 203)
(323, 203)
(353, 203)
(447, 203)
(523, 203)
(576, 203)
(662, 203)
(685, 203)
(691, 203)
(734, 203)
(491, 204)
(565, 204)
(217, 205)
(277, 205)
(445, 205)
(579, 205)
(653, 205)
(232, 206)
(250, 206)
(408, 206)
(687, 207)
(738, 207)
(752, 207)
(299, 209)
(378, 209)
(586, 209)
(727, 209)
(535, 210)
(737, 210)
(789, 210)
(346, 211)
(388, 211)
(577, 211)
(593, 211)
(630, 211)
(700, 211)
(259, 212)
(305, 212)
(491, 212)
(632, 212)
(718, 212)
(244, 213)
(274, 213)
(359, 213)
(369, 213)
(393, 213)
(412, 213)
(494, 213)
(547, 213)
(227, 214)
(271, 214)
(307, 214)
(477, 214)
(481, 214)
(572, 214)
(538, 215)
(672, 215)
(706, 215)
(757, 215)
(422, 216)
(312, 217)
(445, 217)
(753, 217)
(224, 218)
(249, 218)
(341, 218)
(361, 218)
(431, 218)
(458, 218)
(482, 218)
(510, 218)
(714, 218)
(746, 218)
(244, 219)
(564, 219)
(686, 219)
(776, 219)
(306, 220)
(353, 220)
(691, 220)
(783, 220)
(795, 220)
(225, 221)
(602, 221)
(245, 222)
(330, 222)
(525, 222)
(266, 223)
(308, 223)
(326, 223)
(351, 223)
(426, 223)
(560, 223)
(666, 223)
(249, 224)
(393, 224)
(416, 224)
(495, 224)
(659, 224)
(669, 224)
(746, 224)
(751, 224)
(349, 225)
(450, 225)
(566, 225)
(601, 225)
(284, 226)
(405, 226)
(427, 226)
(462, 226)
(266, 227)
(271, 227)
(387, 227)
(421, 227)
(542, 227)
(586, 227)
(678, 227)
(247, 228)
(512, 228)
(552, 228)
(605, 228)
(650, 228)
(763, 228)
(361, 229)
(511, 230)
(237, 231)
(288, 231)
(248, 232)
(332, 232)
(374, 232)
(408, 232)
(417, 232)
(434, 232)
(467, 232)
(471, 232)
(518, 232)
(521, 232)
(556, 232)
(603, 232)
(364, 233)
(404, 233)
(431, 233)
(472, 233)
(550, 233)
(591, 233)
(606, 233)
(622, 233)
(636, 233)
(314, 234)
(396, 234)
(446, 234)
(499, 234)
(538, 234)
(588, 234)
(648, 234)
(260, 235)
(391, 235)
(643, 235)
(688, 235)
(708, 235)
(781, 235)
(388, 236)
(791, 236)
(240, 237)
(286, 237)
(288, 237)
(386, 237)
(437, 237)
(451, 237)
(548, 237)
(567, 237)
(682, 237)
(775, 237)
(456, 238)
(502, 238)
(618, 238)
(516, 239)
(604, 239)
(656, 239)
(749, 239)
(794, 239)
(286, 240)
(437, 240)
(273, 241)
(451, 241)
(699, 241)
(556, 242)
(706, 242)
(721, 242)
(316, 243)
(317, 243)
(350, 243)
(394, 243)
(393, 244)
(547, 244)
(710, 244)
(330, 245)
(333, 245)
(375, 245)
(704, 245)
(736, 245)
(761, 245)
(785, 245)
(433, 246)
(480, 246)
(575, 247)
(595, 247)
(763, 247)
(374, 248)
(404, 248)
(417, 248)
(584, 248)
(636, 248)
(651, 248)
(729, 248)
(733, 248)
(747, 248)
(784, 248)
(787, 248)
(264, 249)
(425, 249)
(518, 249)
(705, 249)
(746, 249)
(461, 250)
(255, 251)
(337, 251)
(340, 251)
(502, 251)
(267, 252)
(374, 252)
(448, 252)
(539, 252)
(553, 252)
(503, 253)
(560, 253)
(562, 253)
(620, 253)
(741, 253)
(748, 253)
(750, 253)
(273, 254)
(340, 254)
(456, 254)
(523, 254)
(561, 254)
(616, 254)
(667, 254)
(674, 254)
(737, 254)
(314, 255)
(267, 256)
(362, 256)
(422, 256)
(464, 256)
(499, 256)
(555, 256)
(608, 256)
(631, 256)
(679, 256)
(696, 256)
(711, 256)
(769, 256)
(770, 256)
(798, 256)
(310, 257)
(567, 257)
(334, 258)
(376, 258)
(438, 258)
(441, 258)
(463, 258)
(776, 258)
(782, 258)
(790, 258)
(305, 259)
(491, 259)
(632, 259)
(756, 259)
(643, 260)
(781, 260)
(283, 261)
(291, 261)
(347, 261)
(430, 261)
(524, 261)
(554, 261)
(597, 261)
(613, 261)
(663, 261)
(297, 262)
(403, 262)
(549, 262)
(639, 262)
(642, 262)
(771, 262)
(308, 263)
(317, 263)
(403, 263)
(540, 263)
(700, 263)
(797, 263)
(272, 264)
(518, 264)
(530, 264)
(705, 264)
(362, 265)
(435, 265)
(446, 265)
(568, 265)
(707, 265)
(781, 265)
(343, 266)
(542, 266)
(678, 266)
(788, 266)
(269, 267)
(379, 267)
(432, 267)
(539, 267)
(573, 267)
(731, 267)
(342, 268)
(508, 268)
(379, 269)
(386, 269)
(432, 269)
(440, 269)
(487, 269)
(585, 269)
(610, 269)
(625, 269)
(673, 269)
(695, 269)
(321, 270)
(372, 270)
(401, 270)
(413, 270)
(457, 270)
(488, 270)
(497, 270)
(630, 270)
(709, 270)
(277, 271)
(372, 271)
(383, 271)
(477, 271)
(495, 271)
(501, 271)
(612, 271)
(654, 271)
(282, 272)
(486, 272)
(675, 272)
(368, 273)
(523, 273)
(667, 273)
(284, 274)
(359, 274)
(370, 274)
(598, 274)
(658, 274)
(571, 275)
(658, 275)
(348, 276)
(405, 276)
(627, 276)
(657, 276)
(677, 276)
(742, 276)
(332, 277)
(372, 277)
(300, 278)
(479, 278)
(722, 278)
(763, 278)
(281, 279)
(303, 279)
(371, 279)
(387, 279)
(611, 279)
(661, 279)
(669, 279)
(424, 280)
(511, 280)
(528, 280)
(604, 280)
(641, 280)
(739, 280)
(773, 280)
(774, 280)
(421, 281)
(611, 281)
(661, 281)
(721, 281)
(311, 282)
(486, 282)
(503, 282)
(528, 282)
(635, 282)
(430, 283)
(309, 284)
(354, 284)
(405, 284)
(598, 284)
(660, 284)
(767, 284)
(682, 285)
(386, 286)
(309, 287)
(333, 287)
(720, 287)
(336, 288)
(548, 288)
(722, 288)
(778, 288)
(580, 289)
(419, 290)
(468, 290)
(501, 290)
(547, 290)
(652, 290)
(352, 291)
(389, 291)
(551, 291)
(554, 291)
(613, 291)
(660, 291)
(311, 292)
(550, 292)
(724, 292)
(380, 293)
(399, 293)
(512, 293)
(531, 293)
(570, 293)
(304, 294)
(328, 294)
(615, 294)
(621, 294)
(661, 294)
(791, 294)
(301, 295)
(473, 296)
(497, 296)
(521, 296)
(797, 297)
(385, 298)
(465, 298)
(345, 299)
(394, 299)
(586, 299)
(697, 299)
(740, 299)
(322, 300)
(325, 300)
(752, 300)
(558, 301)
(571, 301)
(327, 302)
(339, 302)
(365, 302)
(408, 302)
(537, 302)
(663, 302)
(371, 303)
(589, 303)
(402, 304)
(411, 304)
(584, 304)
(661, 304)
(680, 304)
(491, 305)
(756, 305)
(649, 306)
(662, 306)
(691, 306)
(734, 306)
(783, 306)
(331, 307)
(477, 307)
(481, 307)
(505, 307)
(566, 307)
(662, 307)
(708, 307)
(317, 308)
(403, 308)
(458, 308)
(540, 308)
(694, 308)
(789, 308)
(333, 309)
(354, 309)
(519, 309)
(548, 309)
(607, 309)
(312, 310)
(326, 310)
(513, 310)
(532, 310)
(749, 310)
(391, 311)
(528, 311)
(550, 311)
(619, 311)
(635, 311)
(326, 312)
(483, 313)
(515, 313)
(533, 313)
(384, 314)
(394, 316)
(756, 316)
(350, 317)
(403, 317)
(424, 318)
(764, 318)
(356, 320)
(383, 320)
(481, 320)
(628, 320)
(645, 320)
(657, 320)
(712, 320)
(717, 320)
(743, 320)
(366, 321)
(371, 321)
(373, 321)
(438, 321)
(525, 321)
(469, 322)
(683, 322)
(523, 323)
(683, 323)
(376, 324)
(445, 324)
(475, 324)
(744, 324)
(780, 324)
(560, 326)
(330, 327)
(339, 327)
(375, 327)
(408, 327)
(537, 327)
(663, 327)
(719, 327)
(390, 328)
(621, 328)
(743, 328)
(449, 329)
(476, 329)
(333, 330)
(613, 330)
(621, 330)
(761, 330)
(468, 331)
(477, 331)
(505, 331)
(513, 331)
(392, 332)
(443, 332)
(518, 332)
(519, 333)
(607, 333)
(613, 333)
(704, 333)
(720, 333)
(761, 333)
(438, 334)
(463, 334)
(450, 335)
(476, 335)
(665, 335)
(453, 336)
(413, 337)
(444, 337)
(502, 337)
(625, 337)
(423, 338)
(493, 338)
(622, 338)
(517, 339)
(663, 339)
(719, 339)
(377, 340)
(561, 340)
(674, 340)
(747, 340)
(349, 341)
(361, 341)
(431, 341)
(458, 341)
(482, 341)
(476, 342)
(500, 342)
(579, 342)
(707, 342)
(466, 343)
(543, 343)
(583, 343)
(641, 343)
(668, 343)
(684, 343)
(710, 343)
(788, 343)
(490, 344)
(529, 344)
(563, 345)
(381, 346)
(630, 346)
(633, 346)
(780, 346)
(524, 347)
(711, 347)
(730, 347)
(450, 349)
(647, 349)
(549, 350)
(638, 350)
(352, 351)
(590, 351)
(435, 352)
(759, 352)
(447, 353)
(552, 353)
(507, 354)
(738, 355)
(449, 356)
(478, 356)
(481, 356)
(517, 356)
(581, 356)
(628, 356)
(712, 356)
(772, 356)
(364, 358)
(467, 358)
(765, 358)
(412, 359)
(429, 360)
(519, 360)
(580, 360)
(597, 360)
(446, 362)
(464, 362)
(397, 363)
(462, 363)
(520, 363)
(589, 363)
(786, 363)
(467, 364)
(606, 364)
(612, 364)
(639, 364)
(726, 364)
(389, 366)
(411, 366)
(369, 367)
(430, 367)
(441, 367)
(441, 369)
(524, 369)
(378, 370)
(385, 370)
(526, 370)
(373, 371)
(748, 371)
(457, 372)
(793, 372)
(420, 373)
(480, 373)
(578, 373)
(748, 373)
(448, 374)
(584, 374)
(636, 374)
(736, 375)
(666, 377)
(747, 377)
(768, 377)
(385, 378)
(440, 378)
(746, 378)
(386, 379)
(440, 379)
(585, 379)
(610, 379)
(646, 379)
(648, 379)
(509, 380)
(543, 380)
(577, 380)
(676, 380)
(541, 381)
(624, 381)
(633, 381)
(640, 381)
(671, 381)
(687, 381)
(772, 381)
(773, 381)
(799, 381)
(617, 382)
(659, 382)
(414, 383)
(457, 383)
(485, 383)
(645, 383)
(657, 383)
(633, 384)
(585, 386)
(625, 386)
(646, 386)
(682, 386)
(421, 387)
(716, 388)
(762, 388)
(397, 389)
(554, 390)
(679, 390)
(779, 390)
(619, 391)
(443, 392)
(507, 392)
(575, 392)
(504, 393)
(547, 393)
(710, 393)
(778, 393)
(697, 394)
(432, 395)
(514, 395)
(546, 395)
(664, 395)
(695, 395)
(446, 396)
(648, 396)
(690, 396)
(692, 396)
(645, 397)
(417, 398)
(506, 398)
(512, 399)
(570, 399)
(762, 399)
(681, 400)
(698, 400)
(595, 401)
(630, 401)
(709, 401)
(527, 402)
(584, 402)
(735, 402)
(540, 403)
(472, 404)
(591, 404)
(784, 404)
(657, 405)
(677, 405)
(690, 405)
(767, 405)
(414, 406)
(460, 406)
(723, 406)
(726, 406)
(486, 407)
(702, 407)
(467, 408)
(537, 408)
(556, 408)
(676, 409)
(452, 410)
(509, 411)
(457, 414)
(485, 414)
(487, 414)
(693, 414)
(723, 414)
(766, 415)
(792, 415)
(578, 416)
(659, 416)
(434, 417)
(506, 417)
(646, 417)
(425, 418)
(453, 419)
(470, 419)
(652, 419)
(578, 420)
(748, 420)
(623, 422)
(753, 422)
(770, 422)
(426, 423)
(604, 424)
(542, 425)
(570, 425)
(614, 425)
(462, 427)
(623, 427)
(664, 427)
(715, 427)
(569, 428)
(488, 429)
(733, 429)
(790, 429)
(489, 430)
(663, 430)
(458, 431)
(689, 431)
(440, 432)
(514, 432)
(522, 432)
(695, 432)
(594, 433)
(686, 433)
(735, 433)
(527, 434)
(646, 434)
(485, 436)
(771, 436)
(441, 438)
(463, 438)
(525, 438)
(767, 438)
(776, 438)
(463, 439)
(559, 439)
(610, 440)
(746, 440)
(767, 441)
(782, 441)
(790, 441)
(471, 442)
(536, 442)
(541, 442)
(576, 442)
(626, 442)
(675, 442)
(680, 442)
(689, 443)
(483, 444)
(474, 445)
(744, 445)
(690, 446)
(692, 446)
(718, 447)
(473, 448)
(500, 448)
(517, 449)
(601, 450)
(534, 451)
(775, 451)
(643, 452)
(671, 452)
(796, 452)
(506, 454)
(493, 455)
(616, 456)
(487, 457)
(497, 457)
(482, 458)
(694, 458)
(789, 458)
(713, 459)
(469, 460)
(474, 461)
(520, 462)
(623, 462)
(786, 462)
(776, 463)
(696, 464)
(489, 466)
(583, 466)
(641, 466)
(710, 466)
(742, 466)
(556, 467)
(603, 467)
(726, 467)
(792, 467)
(644, 468)
(629, 469)
(683, 469)
(675, 471)
(680, 471)
(701, 471)
(591, 472)
(478, 473)
(500, 473)
(521, 473)
(780, 475)
(505, 477)
(513, 477)
(562, 477)
(572, 477)
(794, 477)
(496, 478)
(763, 479)
(662, 481)
(681, 482)
(692, 482)
(529, 484)
(546, 484)
(611, 484)
(693, 485)
(673, 487)
(733, 488)
(717, 490)
(632, 491)
(731, 492)
(764, 492)
(522, 494)
(618, 494)
(635, 494)
(732, 494)
(501, 495)
(669, 495)
(741, 495)
(526, 499)
(555, 499)
(574, 499)
(679, 499)
(579, 500)
(612, 501)
(618, 502)
(545, 503)
(560, 503)
(583, 503)
(531, 504)
(513, 505)
(562, 505)
(651, 505)
(652, 505)
(654, 505)
(553, 507)
(670, 509)
(558, 511)
(739, 511)
(552, 512)
(605, 512)
(562, 513)
(749, 513)
(522, 514)
(615, 514)
(695, 514)
(564, 515)
(794, 516)
(530, 518)
(607, 519)
(703, 520)
(798, 520)
(618, 522)
(711, 524)
(587, 526)
(627, 526)
(677, 526)
(546, 529)
(611, 529)
(602, 530)
(760, 531)
(634, 534)
(696, 535)
(789, 535)
(588, 538)
(656, 538)
(706, 538)
(769, 540)
(624, 541)
(640, 541)
(671, 541)
(703, 541)
(570, 542)
(678, 542)
(577, 543)
(674, 543)
(676, 543)
(730, 544)
(582, 545)
(583, 545)
(606, 545)
(610, 548)
(565, 549)
(639, 549)
(612, 550)
(639, 550)
(650, 552)
(779, 554)
(750, 555)
(603, 556)
(614, 557)
(744, 557)
(571, 558)
(739, 558)
(737, 561)
(620, 562)
(748, 562)
(750, 562)
(761, 562)
(765, 563)
(776, 564)
(603, 565)
(740, 566)
(607, 568)
(707, 568)
(794, 572)
(731, 573)
(626, 576)
(691, 576)
(674, 577)
(757, 577)
(597, 580)
(653, 580)
(694, 581)
(725, 582)
(641, 583)
(668, 583)
(742, 583)
(636, 584)
(729, 584)
(733, 584)
(747, 584)
(646, 585)
(740, 586)
(627, 587)
(754, 587)
(777, 587)
(655, 590)
(766, 592)
(626, 594)
(686, 594)
(653, 597)
(714, 598)
(649, 599)
(698, 599)
(759, 600)
(705, 601)
(667, 604)
(702, 604)
(631, 608)
(624, 609)
(678, 609)
(639, 612)
(654, 612)
(621, 613)
(779, 614)
(791, 615)
(631, 617)
(750, 620)
(671, 624)
(687, 624)
(777, 627)
(712, 628)
(743, 628)
(772, 628)
(775, 628)
(637, 631)
(684, 631)
(798, 631)
(665, 633)
(799, 633)
(733, 636)
(684, 637)
(668, 641)
(684, 641)
(742, 641)
(773, 641)
(774, 641)
(671, 643)
(781, 643)
(793, 644)
(657, 645)
(709, 647)
(795, 650)
(720, 655)
(787, 655)
(749, 656)
(677, 657)
(690, 657)
(680, 661)
(734, 662)
(719, 663)
(758, 666)
(768, 666)
(788, 666)
(702, 667)
(684, 668)
(687, 671)
(772, 671)
(728, 672)
(734, 672)
(757, 672)
(695, 673)
(757, 674)
(680, 675)
(690, 677)
(711, 679)
(692, 681)
(738, 687)
(772, 687)
(773, 687)
(755, 688)
(784, 688)
(692, 690)
(783, 691)
(728, 694)
(789, 694)
(769, 696)
(760, 704)
(721, 706)
(778, 710)
(743, 712)
(772, 712)
(739, 713)
(762, 716)
(778, 722)
(745, 725)
(792, 726)
(747, 729)
(787, 729)
(764, 731)
(790, 733)
(799, 735)
(761, 748)
(788, 758)
(773, 772)
(774, 773)
(790, 782)
