(289, 1)
(342, 3)
(5, 4)
(6, 4)
(7, 4)
(8, 4)
(9, 4)
(10, 4)
(424, 4)
(425, 4)
(426, 4)
(142, 10)
(479, 12)
(4, 21)
(321, 22)
(150, 25)
(3907, 27)
(150, 30)
(34, 33)
(63, 34)
(243, 36)
(3868, 36)
(75, 40)
(3911, 40)
(70, 42)
(46, 44)
(46, 45)
(3912, 46)
(1032, 47)
(1033, 47)
(51, 52)
(159, 52)
(1172, 53)
(2546, 57)
(3915, 57)
(1281, 64)
(67, 65)
(63, 67)
(2546, 68)
(70, 71)
(20, 76)
(370, 95)
(245, 97)
(1643, 98)
(1645, 98)
(1646, 98)
(1651, 98)
(3923, 101)
(3924, 109)
(122, 116)
(123, 124)
(123, 125)
(124, 125)
(122, 126)
(123, 126)
(126, 127)
(128, 129)
(129, 130)
(122, 131)
(128, 131)
(460, 133)
(128, 140)
(3976, 140)
(70, 142)
(2022, 142)
(2068, 142)
(142, 143)
(142, 145)
(49, 148)
(159, 148)
(2585, 150)
(150, 151)
(72, 153)
(1344, 156)
(2224, 156)
(2229, 157)
(42, 160)
(870, 160)
(3952, 160)
(3953, 160)
(186, 162)
(2328, 163)
(163, 164)
(2360, 165)
(3977, 166)
(2395, 174)
(2396, 174)
(2397, 174)
(2434, 182)
(2483, 193)
(155, 197)
(2663, 207)
(206, 209)
(3956, 223)
(2923, 231)
(5, 237)
(6, 237)
(9, 237)
(243, 237)
(1328, 237)
(2968, 238)
(2969, 238)
(2970, 238)
(2971, 238)
(2972, 238)
(2973, 238)
(2974, 238)
(2975, 238)
(240, 239)
(253, 243)
(321, 243)
(138, 244)
(243, 244)
(243, 247)
(1934, 248)
(3205, 248)
(241, 250)
(3959, 251)
(3960, 251)
(3523, 252)
(259, 260)
(259, 261)
(3305, 262)
(289, 291)
(297, 291)
(766, 291)
(3972, 293)
(12, 294)
(289, 294)
(290, 295)
(301, 302)
(306, 304)
(3218, 304)
(3714, 304)
(3717, 304)
(3718, 304)
(3720, 304)
(3723, 304)
(3724, 304)
(3725, 304)
(3917, 304)
(3984, 304)
(3985, 304)
(3986, 304)
(3987, 304)
(52, 305)
(290, 305)
(1735, 305)
(289, 307)
(1665, 310)
(3967, 315)
(32, 317)
(289, 319)
(0, 325)
(1631, 325)
(0, 326)
(1, 326)
(0, 327)
(0, 328)
(1, 328)
(0, 329)
(0, 330)
(1, 331)
(3, 331)
(342, 331)
(1, 332)
(331, 332)
(1, 333)
(2, 333)
(3, 333)
(1, 334)
(1, 335)
(1, 336)
(1, 337)
(2, 338)
(2, 339)
(310, 339)
(338, 339)
(2, 340)
(338, 340)
(340, 341)
(4, 343)
(4, 344)
(14, 344)
(4, 345)
(4, 346)
(4, 347)
(4, 348)
(4, 349)
(4, 350)
(4, 351)
(4, 352)
(12, 352)
(13, 352)
(14, 352)
(73, 352)
(584, 352)
(4, 353)
(12, 353)
(13, 353)
(14, 353)
(584, 353)
(4, 354)
(12, 354)
(13, 354)
(14, 354)
(584, 354)
(4, 355)
(12, 355)
(13, 355)
(14, 355)
(584, 355)
(355, 356)
(355, 357)
(4, 358)
(12, 358)
(13, 358)
(14, 358)
(584, 358)
(3919, 358)
(358, 359)
(4, 360)
(360, 361)
(360, 362)
(360, 363)
(4, 364)
(4, 365)
(4, 366)
(4, 367)
(4, 368)
(4, 369)
(4, 370)
(4, 371)
(4, 372)
(4, 373)
(12, 373)
(373, 374)
(374, 375)
(4, 376)
(4, 377)
(4, 378)
(4, 379)
(4, 380)
(4, 381)
(4, 382)
(4, 383)
(4, 384)
(145, 385)
(384, 385)
(4, 386)
(5, 387)
(5, 388)
(5, 389)
(5, 390)
(5, 391)
(5, 392)
(392, 393)
(392, 394)
(5, 395)
(5, 396)
(6, 396)
(7, 396)
(5, 397)
(32, 397)
(5, 398)
(6, 398)
(7, 398)
(8, 398)
(12, 398)
(294, 398)
(5, 399)
(32, 399)
(5, 400)
(5, 401)
(6, 402)
(6, 403)
(6, 404)
(6, 406)
(6, 407)
(7, 408)
(7, 409)
(7, 410)
(8, 411)
(411, 412)
(411, 413)
(8, 414)
(8, 415)
(8, 416)
(10, 416)
(240, 416)
(416, 417)
(416, 418)
(416, 419)
(8, 420)
(420, 421)
(420, 422)
(8, 423)
(300, 432)
(431, 432)
(13, 433)
(13, 436)
(436, 437)
(436, 438)
(442, 443)
(442, 444)
(10, 446)
(10, 447)
(10, 448)
(10, 449)
(10, 450)
(11, 451)
(11, 452)
(11, 453)
(11, 454)
(11, 455)
(11, 456)
(456, 457)
(11, 458)
(458, 459)
(11, 460)
(11, 461)
(11, 462)
(11, 463)
(128, 463)
(289, 463)
(463, 464)
(463, 465)
(11, 466)
(11, 467)
(467, 468)
(467, 469)
(467, 470)
(11, 471)
(453, 471)
(11, 472)
(456, 472)
(466, 472)
(9, 473)
(21, 473)
(9, 474)
(21, 474)
(9, 475)
(9, 476)
(9, 477)
(9, 478)
(86, 478)
(479, 480)
(480, 481)
(479, 482)
(479, 483)
(479, 484)
(12, 485)
(485, 486)
(486, 487)
(485, 488)
(485, 489)
(488, 489)
(485, 490)
(12, 491)
(12, 492)
(12, 493)
(12, 494)
(479, 494)
(12, 495)
(12, 496)
(12, 497)
(12, 498)
(12, 499)
(13, 500)
(13, 501)
(13, 502)
(13, 503)
(13, 504)
(504, 505)
(504, 506)
(13, 507)
(13, 508)
(13, 509)
(13, 510)
(13, 511)
(13, 512)
(13, 513)
(14, 514)
(14, 515)
(14, 516)
(14, 517)
(517, 518)
(14, 519)
(14, 520)
(14, 521)
(14, 522)
(522, 523)
(14, 524)
(14, 525)
(525, 526)
(525, 527)
(14, 528)
(14, 529)
(14, 530)
(14, 531)
(14, 532)
(14, 533)
(14, 534)
(14, 535)
(14, 536)
(535, 536)
(14, 537)
(75, 537)
(321, 537)
(14, 538)
(538, 539)
(14, 540)
(14, 541)
(14, 542)
(14, 543)
(14, 544)
(14, 545)
(14, 546)
(14, 547)
(14, 548)
(14, 549)
(14, 550)
(14, 551)
(14, 552)
(14, 553)
(14, 554)
(14, 555)
(14, 556)
(14, 557)
(14, 558)
(14, 559)
(14, 560)
(14, 561)
(15, 562)
(562, 563)
(562, 564)
(562, 565)
(562, 566)
(562, 567)
(562, 568)
(568, 569)
(568, 570)
(562, 571)
(15, 572)
(15, 573)
(15, 574)
(15, 575)
(575, 576)
(15, 577)
(15, 578)
(15, 579)
(16, 580)
(16, 581)
(16, 582)
(17, 582)
(582, 583)
(1647, 583)
(16, 584)
(584, 585)
(584, 586)
(584, 587)
(587, 588)
(16, 589)
(16, 590)
(16, 591)
(16, 592)
(16, 593)
(17, 594)
(17, 595)
(26, 595)
(17, 596)
(17, 597)
(17, 598)
(17, 599)
(18, 600)
(18, 601)
(601, 602)
(18, 603)
(601, 603)
(602, 603)
(18, 604)
(18, 605)
(18, 606)
(18, 607)
(607, 608)
(607, 609)
(18, 610)
(18, 611)
(499, 611)
(18, 612)
(18, 613)
(18, 614)
(614, 615)
(18, 616)
(18, 617)
(18, 618)
(18, 619)
(18, 620)
(18, 621)
(605, 621)
(619, 621)
(18, 622)
(18, 623)
(18, 624)
(18, 625)
(19, 626)
(19, 627)
(19, 628)
(19, 629)
(19, 630)
(19, 631)
(19, 632)
(19, 633)
(19, 634)
(19, 635)
(19, 636)
(19, 637)
(19, 638)
(19, 639)
(19, 640)
(19, 641)
(19, 642)
(19, 643)
(19, 644)
(644, 645)
(644, 646)
(19, 647)
(19, 648)
(19, 649)
(19, 650)
(19, 651)
(19, 652)
(19, 653)
(19, 654)
(19, 655)
(19, 656)
(19, 657)
(31, 657)
(20, 658)
(21, 658)
(659, 658)
(20, 659)
(659, 660)
(20, 661)
(20, 662)
(3905, 662)
(20, 663)
(20, 664)
(20, 665)
(77, 665)
(21, 666)
(128, 666)
(21, 667)
(658, 667)
(666, 667)
(667, 668)
(21, 669)
(22, 670)
(22, 671)
(672, 671)
(22, 672)
(22, 673)
(672, 673)
(22, 674)
(22, 675)
(23, 676)
(23, 677)
(677, 678)
(95, 679)
(677, 679)
(677, 680)
(23, 681)
(681, 682)
(3906, 682)
(322, 683)
(681, 683)
(232, 684)
(681, 684)
(322, 685)
(681, 685)
(3133, 685)
(76, 686)
(681, 686)
(24, 687)
(687, 688)
(688, 689)
(24, 690)
(690, 691)
(690, 692)
(24, 693)
(690, 693)
(24, 694)
(24, 695)
(24, 696)
(696, 697)
(24, 698)
(24, 699)
(108, 699)
(699, 700)
(699, 701)
(24, 702)
(24, 703)
(24, 704)
(142, 704)
(24, 705)
(24, 706)
(24, 707)
(24, 708)
(25, 709)
(25, 710)
(25, 711)
(25, 712)
(25, 713)
(25, 714)
(25, 715)
(25, 716)
(25, 717)
(26, 718)
(26, 719)
(26, 720)
(26, 721)
(26, 722)
(26, 723)
(26, 724)
(26, 725)
(26, 726)
(27, 727)
(727, 728)
(27, 729)
(28, 730)
(28, 731)
(28, 732)
(28, 733)
(28, 734)
(28, 735)
(31, 735)
(29, 736)
(29, 737)
(29, 738)
(29, 739)
(29, 740)
(740, 741)
(741, 742)
(741, 743)
(741, 744)
(29, 745)
(745, 746)
(746, 747)
(746, 748)
(746, 749)
(746, 750)
(746, 751)
(746, 752)
(746, 753)
(30, 754)
(30, 755)
(30, 756)
(30, 757)
(30, 758)
(30, 759)
(760, 761)
(760, 762)
(292, 763)
(762, 763)
(760, 764)
(760, 765)
(766, 765)
(760, 767)
(766, 767)
(31, 768)
(31, 769)
(31, 770)
(32, 771)
(32, 772)
(772, 773)
(32, 774)
(32, 775)
(32, 776)
(32, 777)
(32, 778)
(32, 779)
(32, 780)
(32, 781)
(3099, 781)
(32, 782)
(32, 783)
(32, 784)
(32, 785)
(32, 786)
(32, 787)
(32, 788)
(32, 789)
(36, 789)
(32, 790)
(32, 791)
(32, 792)
(32, 793)
(32, 794)
(32, 795)
(32, 796)
(32, 797)
(33, 798)
(849, 798)
(33, 799)
(34, 799)
(3908, 799)
(33, 800)
(34, 800)
(33, 801)
(34, 801)
(801, 802)
(33, 803)
(33, 804)
(33, 805)
(33, 806)
(849, 806)
(33, 807)
(33, 808)
(33, 809)
(34, 810)
(125, 811)
(810, 811)
(34, 812)
(34, 813)
(34, 814)
(34, 815)
(34, 816)
(34, 817)
(35, 818)
(35, 819)
(35, 820)
(35, 821)
(35, 822)
(35, 823)
(35, 824)
(35, 825)
(36, 826)
(826, 827)
(36, 828)
(36, 829)
(829, 830)
(829, 831)
(36, 832)
(832, 833)
(832, 834)
(37, 835)
(37, 836)
(37, 837)
(37, 838)
(37, 839)
(37, 840)
(37, 841)
(37, 842)
(38, 843)
(38, 844)
(38, 845)
(38, 846)
(38, 847)
(38, 848)
(39, 849)
(849, 850)
(849, 851)
(39, 852)
(852, 853)
(853, 854)
(39, 855)
(39, 856)
(39, 857)
(39, 858)
(858, 859)
(39, 860)
(39, 861)
(861, 862)
(39, 863)
(863, 864)
(39, 865)
(865, 866)
(865, 867)
(865, 868)
(39, 869)
(3910, 869)
(39, 870)
(108, 870)
(39, 871)
(872, 873)
(874, 875)
(875, 876)
(875, 877)
(872, 878)
(874, 878)
(40, 882)
(75, 882)
(40, 883)
(40, 884)
(40, 885)
(40, 886)
(40, 887)
(40, 888)
(40, 889)
(41, 890)
(41, 891)
(41, 892)
(41, 893)
(41, 894)
(41, 895)
(42, 896)
(42, 897)
(42, 898)
(70, 898)
(42, 899)
(42, 900)
(42, 901)
(43, 902)
(47, 902)
(43, 903)
(902, 903)
(903, 904)
(43, 905)
(905, 906)
(43, 907)
(43, 908)
(908, 909)
(43, 910)
(43, 911)
(43, 912)
(912, 913)
(43, 914)
(43, 915)
(43, 916)
(43, 917)
(43, 918)
(918, 919)
(43, 920)
(920, 921)
(921, 922)
(43, 923)
(43, 924)
(923, 924)
(924, 925)
(924, 926)
(43, 927)
(43, 928)
(43, 929)
(43, 930)
(930, 931)
(43, 932)
(932, 933)
(932, 934)
(43, 935)
(980, 935)
(43, 936)
(980, 936)
(43, 937)
(980, 937)
(43, 938)
(950, 938)
(938, 939)
(938, 940)
(938, 941)
(938, 942)
(938, 943)
(943, 944)
(938, 945)
(938, 946)
(938, 947)
(947, 948)
(938, 949)
(43, 950)
(950, 951)
(951, 952)
(950, 953)
(950, 954)
(950, 955)
(967, 955)
(950, 956)
(955, 956)
(967, 956)
(950, 957)
(950, 958)
(958, 959)
(950, 960)
(958, 960)
(960, 961)
(950, 962)
(958, 962)
(950, 963)
(958, 963)
(950, 964)
(950, 965)
(950, 966)
(950, 967)
(950, 968)
(951, 968)
(43, 969)
(969, 970)
(969, 971)
(969, 972)
(969, 973)
(969, 974)
(969, 975)
(969, 976)
(969, 977)
(969, 978)
(969, 979)
(43, 980)
(980, 981)
(980, 982)
(980, 983)
(980, 984)
(980, 985)
(980, 986)
(980, 987)
(43, 988)
(44, 989)
(44, 990)
(989, 990)
(44, 991)
(991, 992)
(44, 993)
(44, 994)
(993, 994)
(993, 995)
(994, 995)
(44, 996)
(44, 997)
(997, 998)
(1000, 998)
(997, 999)
(1000, 999)
(44, 1000)
(997, 1000)
(44, 1001)
(1001, 1002)
(1002, 1003)
(1003, 1004)
(1001, 1005)
(44, 1006)
(3912, 1006)
(44, 1007)
(44, 1008)
(44, 1009)
(44, 1010)
(44, 1011)
(146, 1011)
(245, 1011)
(45, 1012)
(45, 1013)
(45, 1014)
(45, 1015)
(45, 1016)
(45, 1017)
(1017, 1018)
(45, 1019)
(1019, 1020)
(1019, 1021)
(1019, 1022)
(45, 1023)
(45, 1024)
(46, 1025)
(46, 1026)
(46, 1027)
(47, 1028)
(47, 1029)
(1032, 1029)
(1029, 1030)
(1029, 1031)
(1030, 1031)
(1032, 1033)
(1032, 1034)
(1034, 1035)
(1032, 1036)
(1034, 1036)
(1032, 1037)
(1037, 1038)
(1037, 1039)
(1039, 1040)
(1037, 1041)
(1032, 1042)
(1032, 1043)
(1032, 1044)
(1032, 1045)
(1045, 1046)
(1045, 1047)
(1045, 1048)
(47, 1049)
(43, 1050)
(47, 1050)
(1050, 1051)
(1050, 1052)
(1053, 1052)
(1055, 1052)
(1050, 1053)
(1053, 1054)
(1050, 1055)
(1050, 1056)
(1061, 1056)
(1056, 1057)
(1056, 1058)
(1056, 1059)
(1056, 1060)
(48, 1061)
(1067, 1061)
(1071, 1061)
(1061, 1062)
(1061, 1063)
(1061, 1064)
(1061, 1065)
(1061, 1066)
(1067, 1068)
(1067, 1069)
(1067, 1070)
(1071, 1070)
(1071, 1072)
(1071, 1073)
(1050, 1074)
(1053, 1074)
(1061, 1074)
(1074, 1075)
(1074, 1076)
(1074, 1077)
(1074, 1078)
(1077, 1078)
(1074, 1079)
(1074, 1080)
(1074, 1081)
(49, 1082)
(49, 1083)
(1083, 1084)
(1083, 1085)
(1085, 1086)
(49, 1087)
(1083, 1087)
(1087, 1088)
(1088, 1089)
(1087, 1090)
(1087, 1091)
(49, 1092)
(49, 1093)
(44, 1094)
(45, 1094)
(46, 1094)
(47, 1094)
(48, 1094)
(49, 1094)
(50, 1094)
(1001, 1094)
(3912, 1094)
(3913, 1094)
(3914, 1094)
(1094, 1095)
(1096, 1095)
(1105, 1095)
(48, 1096)
(1095, 1097)
(1097, 1098)
(1097, 1099)
(1098, 1099)
(1095, 1100)
(1095, 1101)
(1094, 1102)
(1102, 1103)
(1094, 1104)
(44, 1105)
(45, 1105)
(46, 1105)
(47, 1105)
(48, 1105)
(49, 1105)
(50, 1105)
(1001, 1105)
(3912, 1105)
(3913, 1105)
(3914, 1105)
(1109, 1106)
(3914, 1106)
(1106, 1107)
(1109, 1107)
(3914, 1107)
(1107, 1108)
(3914, 1109)
(1109, 1110)
(1106, 1111)
(1109, 1111)
(3914, 1111)
(1112, 1113)
(1115, 1114)
(51, 1117)
(51, 1118)
(51, 1119)
(51, 1120)
(51, 1121)
(51, 1122)
(51, 1123)
(1123, 1124)
(1123, 1125)
(1123, 1126)
(51, 1127)
(1127, 1128)
(51, 1129)
(51, 1130)
(1130, 1131)
(1130, 1132)
(1130, 1133)
(51, 1134)
(51, 1135)
(1135, 1136)
(51, 1137)
(51, 1138)
(1138, 1139)
(51, 1140)
(51, 1141)
(51, 1142)
(51, 1143)
(52, 1144)
(52, 1145)
(1144, 1145)
(52, 1146)
(52, 1147)
(52, 1148)
(52, 1149)
(52, 1150)
(52, 1151)
(52, 1152)
(52, 1153)
(52, 1154)
(52, 1155)
(52, 1156)
(1156, 1157)
(1156, 1158)
(1156, 1159)
(1156, 1160)
(1156, 1161)
(52, 1162)
(52, 1163)
(52, 1164)
(52, 1165)
(1172, 1165)
(53, 1166)
(1166, 1167)
(53, 1168)
(53, 1169)
(53, 1170)
(53, 1171)
(289, 1173)
(142, 1174)
(143, 1174)
(1182, 1183)
(1182, 1184)
(1182, 1185)
(1182, 1186)
(1182, 1187)
(1182, 1188)
(54, 1189)
(54, 1190)
(1190, 1191)
(1190, 1192)
(1190, 1193)
(55, 1194)
(55, 1195)
(55, 1196)
(56, 1197)
(56, 1198)
(56, 1199)
(56, 1200)
(56, 1201)
(56, 1202)
(56, 1203)
(56, 1204)
(57, 1205)
(1205, 1206)
(58, 1207)
(3916, 1207)
(1207, 1208)
(59, 1209)
(1207, 1209)
(59, 1210)
(1207, 1210)
(59, 1211)
(1207, 1211)
(1207, 1212)
(58, 1213)
(3916, 1213)
(59, 1214)
(59, 1215)
(59, 1216)
(59, 1217)
(59, 1218)
(59, 1219)
(59, 1220)
(59, 1221)
(59, 1222)
(60, 1223)
(60, 1224)
(60, 1225)
(60, 1226)
(60, 1227)
(60, 1228)
(60, 1229)
(60, 1230)
(60, 1231)
(60, 1232)
(60, 1233)
(60, 1234)
(60, 1235)
(60, 1236)
(61, 1237)
(61, 1238)
(61, 1239)
(61, 1240)
(61, 1241)
(62, 1242)
(108, 1242)
(159, 1242)
(62, 1243)
(62, 1244)
(62, 1245)
(1245, 1246)
(1249, 1246)
(62, 1247)
(1245, 1247)
(62, 1248)
(62, 1249)
(62, 1250)
(62, 1251)
(1251, 1252)
(1251, 1253)
(62, 1254)
(62, 1255)
(62, 1256)
(62, 1257)
(99, 1257)
(113, 1257)
(62, 1258)
(63, 1259)
(63, 1260)
(63, 1261)
(67, 1261)
(1261, 1262)
(1261, 1263)
(1261, 1264)
(1261, 1265)
(63, 1266)
(63, 1267)
(241, 1267)
(63, 1268)
(63, 1269)
(63, 1270)
(239, 1270)
(240, 1270)
(63, 1271)
(67, 1271)
(63, 1272)
(63, 1273)
(1260, 1273)
(63, 1274)
(65, 1274)
(66, 1274)
(67, 1274)
(1291, 1274)
(64, 1275)
(64, 1276)
(64, 1277)
(64, 1278)
(1281, 1278)
(64, 1279)
(64, 1280)
(1281, 1282)
(64, 1283)
(64, 1284)
(64, 1285)
(1285, 1286)
(64, 1287)
(64, 1288)
(65, 1289)
(65, 1290)
(65, 1291)
(65, 1292)
(1291, 1292)
(65, 1293)
(65, 1294)
(65, 1295)
(1290, 1295)
(66, 1296)
(67, 1296)
(66, 1297)
(67, 1297)
(66, 1298)
(67, 1299)
(67, 1300)
(68, 1301)
(2546, 1301)
(68, 1302)
(68, 1303)
(68, 1304)
(68, 1305)
(68, 1306)
(68, 1307)
(68, 1308)
(69, 1312)
(69, 1313)
(69, 1314)
(69, 1315)
(1315, 1316)
(1317, 1316)
(1318, 1316)
(1319, 1316)
(128, 1317)
(1315, 1317)
(1315, 1318)
(1315, 1319)
(69, 1320)
(69, 1321)
(69, 1322)
(69, 1323)
(69, 1324)
(69, 1325)
(69, 1326)
(69, 1327)
(32, 1328)
(70, 1329)
(898, 1330)
(142, 1331)
(898, 1331)
(70, 1332)
(70, 1333)
(72, 1333)
(70, 1334)
(70, 1335)
(142, 1335)
(70, 1336)
(70, 1337)
(1337, 1338)
(70, 1339)
(70, 1340)
(70, 1341)
(70, 1342)
(70, 1343)
(70, 1344)
(1344, 1345)
(70, 1346)
(70, 1347)
(70, 1348)
(142, 1348)
(70, 1349)
(70, 1350)
(70, 1351)
(70, 1352)
(71, 1352)
(70, 1353)
(70, 1354)
(71, 1355)
(1355, 1356)
(71, 1357)
(71, 1358)
(72, 1359)
(148, 1359)
(72, 1360)
(72, 1361)
(72, 1362)
(26, 1363)
(73, 1364)
(73, 1365)
(150, 1365)
(1364, 1365)
(2179, 1365)
(1364, 1366)
(1364, 1367)
(1364, 1368)
(73, 1369)
(1369, 1370)
(73, 1371)
(73, 1372)
(73, 1373)
(73, 1374)
(73, 1375)
(73, 1376)
(74, 1377)
(74, 1378)
(74, 1379)
(1379, 1380)
(74, 1381)
(75, 1382)
(75, 1383)
(75, 1384)
(75, 1385)
(75, 1386)
(2126, 1386)
(75, 1387)
(2126, 1387)
(75, 1388)
(75, 1389)
(76, 1390)
(76, 1391)
(76, 1392)
(76, 1393)
(76, 1394)
(76, 1395)
(76, 1396)
(76, 1397)
(76, 1398)
(76, 1399)
(76, 1400)
(76, 1401)
(76, 1402)
(1402, 1403)
(1402, 1404)
(1402, 1405)
(76, 1406)
(76, 1407)
(76, 1408)
(76, 1409)
(76, 1410)
(76, 1411)
(1511, 1412)
(76, 1413)
(76, 1414)
(76, 1415)
(76, 1416)
(76, 1417)
(76, 1418)
(1418, 1419)
(1418, 1420)
(76, 1421)
(76, 1422)
(76, 1423)
(76, 1424)
(76, 1425)
(76, 1426)
(76, 1427)
(76, 1428)
(76, 1429)
(76, 1430)
(76, 1431)
(76, 1432)
(76, 1433)
(76, 1434)
(76, 1435)
(1435, 1436)
(76, 1437)
(76, 1438)
(76, 1439)
(76, 1440)
(76, 1441)
(77, 1442)
(77, 1443)
(77, 1444)
(1444, 1445)
(1444, 1446)
(77, 1447)
(3919, 1447)
(1447, 1448)
(77, 1449)
(77, 1450)
(77, 1451)
(1451, 1452)
(77, 1453)
(77, 1454)
(77, 1455)
(77, 1456)
(77, 1457)
(77, 1458)
(77, 1459)
(77, 1460)
(77, 1461)
(77, 1462)
(77, 1463)
(77, 1464)
(77, 1465)
(78, 1466)
(79, 1466)
(1466, 1467)
(78, 1468)
(79, 1468)
(78, 1469)
(79, 1469)
(1469, 1470)
(78, 1471)
(79, 1471)
(80, 1472)
(1472, 1473)
(1472, 1474)
(1472, 1475)
(1476, 1475)
(1472, 1476)
(80, 1477)
(80, 1478)
(80, 1479)
(80, 1480)
(81, 1481)
(81, 1482)
(110, 1482)
(81, 1483)
(81, 1484)
(81, 1485)
(81, 1486)
(81, 1487)
(82, 1488)
(1488, 1489)
(82, 1490)
(82, 1491)
(82, 1492)
(82, 1493)
(82, 1494)
(82, 1495)
(121, 1495)
(82, 1496)
(82, 1497)
(82, 1498)
(82, 1499)
(1499, 1500)
(82, 1501)
(82, 1502)
(82, 1503)
(82, 1504)
(83, 1505)
(1505, 1506)
(3308, 1506)
(1505, 1507)
(1507, 1508)
(1508, 1509)
(1505, 1510)
(1505, 1511)
(1505, 1512)
(83, 1513)
(1513, 1514)
(1513, 1515)
(83, 1516)
(83, 1517)
(83, 1518)
(83, 1519)
(1519, 1520)
(1519, 1521)
(1505, 1522)
(84, 1523)
(84, 1524)
(1524, 1525)
(84, 1526)
(1526, 1527)
(1526, 1528)
(1526, 1529)
(1526, 1530)
(84, 1531)
(84, 1532)
(85, 1533)
(85, 1534)
(85, 1535)
(86, 1536)
(86, 1537)
(86, 1538)
(87, 1539)
(87, 1540)
(87, 1541)
(87, 1542)
(88, 1543)
(88, 1544)
(88, 1545)
(88, 1546)
(88, 1547)
(88, 1548)
(88, 1549)
(88, 1550)
(88, 1551)
(88, 1552)
(89, 1553)
(1553, 1554)
(89, 1555)
(89, 1556)
(89, 1557)
(89, 1558)
(89, 1559)
(89, 1560)
(89, 1561)
(89, 1562)
(1561, 1562)
(89, 1563)
(89, 1564)
(89, 1565)
(3920, 1565)
(89, 1566)
(89, 1567)
(89, 1568)
(1568, 1569)
(89, 1570)
(89, 1571)
(89, 1572)
(89, 1573)
(89, 1574)
(89, 1575)
(89, 1576)
(89, 1577)
(89, 1578)
(89, 1579)
(89, 1580)
(89, 1581)
(89, 1582)
(90, 1583)
(90, 1584)
(90, 1585)
(90, 1586)
(90, 1587)
(91, 1588)
(91, 1589)
(91, 1590)
(91, 1591)
(91, 1592)
(91, 1593)
(91, 1594)
(92, 1595)
(92, 1596)
(92, 1597)
(92, 1598)
(92, 1599)
(92, 1600)
(92, 1601)
(93, 1602)
(93, 1603)
(93, 1604)
(94, 1605)
(94, 1606)
(94, 1607)
(95, 1608)
(1622, 1609)
(1622, 1610)
(95, 1611)
(95, 1612)
(1612, 1613)
(1613, 1614)
(1613, 1615)
(370, 1616)
(95, 1617)
(95, 1618)
(95, 1619)
(95, 1620)
(95, 1621)
(95, 1622)
(95, 1623)
(96, 1624)
(1624, 1625)
(1630, 1625)
(1624, 1626)
(1626, 1627)
(1626, 1628)
(321, 1629)
(1626, 1629)
(1624, 1630)
(1624, 1631)
(1632, 1631)
(1632, 1633)
(1631, 1634)
(1631, 1635)
(1632, 1635)
(3921, 1635)
(1631, 1636)
(1174, 1637)
(1631, 1637)
(96, 1638)
(96, 1639)
(96, 1640)
(97, 1641)
(97, 1642)
(245, 1642)
(3145, 1642)
(1645, 1643)
(1646, 1643)
(1643, 1644)
(98, 1647)
(1647, 1648)
(1647, 1649)
(1647, 1650)
(99, 1652)
(99, 1653)
(3922, 1653)
(99, 1654)
(99, 1655)
(99, 1656)
(1653, 1656)
(99, 1657)
(99, 1658)
(99, 1659)
(1659, 1660)
(99, 1661)
(99, 1662)
(113, 1662)
(2979, 1662)
(100, 1663)
(100, 1664)
(100, 1665)
(1665, 1666)
(100, 1667)
(1665, 1667)
(100, 1668)
(100, 1669)
(142, 1669)
(101, 1670)
(101, 1671)
(101, 1672)
(101, 1673)
(102, 1674)
(3905, 1674)
(102, 1675)
(102, 1676)
(220, 1676)
(102, 1677)
(2316, 1677)
(1677, 1678)
(102, 1679)
(1679, 1680)
(103, 1681)
(103, 1682)
(103, 1683)
(103, 1684)
(104, 1685)
(104, 1686)
(104, 1687)
(104, 1688)
(105, 1689)
(105, 1690)
(105, 1691)
(106, 1692)
(106, 1693)
(106, 1694)
(1694, 1695)
(106, 1696)
(107, 1697)
(107, 1698)
(107, 1699)
(107, 1700)
(107, 1701)
(107, 1702)
(107, 1703)
(107, 1704)
(107, 1705)
(107, 1706)
(108, 1707)
(108, 1708)
(108, 1709)
(108, 1710)
(108, 1711)
(108, 1712)
(108, 1713)
(108, 1714)
(108, 1715)
(108, 1716)
(3924, 1717)
(3924, 1718)
(3924, 1719)
(3924, 1720)
(3924, 1721)
(3924, 1722)
(3924, 1723)
(3924, 1724)
(110, 1725)
(110, 1726)
(110, 1727)
(110, 1728)
(110, 1729)
(110, 1730)
(110, 1731)
(110, 1732)
(110, 1733)
(110, 1734)
(110, 1735)
(128, 1735)
(110, 1736)
(110, 1737)
(110, 1738)
(111, 1739)
(111, 1740)
(111, 1741)
(111, 1742)
(3925, 1742)
(3926, 1742)
(112, 1743)
(1744, 1743)
(3286, 1743)
(112, 1744)
(112, 1745)
(112, 1746)
(112, 1747)
(112, 1748)
(113, 1749)
(113, 1750)
(113, 1751)
(113, 1752)
(114, 1753)
(122, 1753)
(114, 1754)
(122, 1754)
(115, 1755)
(115, 1756)
(115, 1757)
(115, 1758)
(115, 1759)
(115, 1760)
(116, 1761)
(116, 1762)
(1762, 1763)
(116, 1764)
(116, 1765)
(116, 1766)
(116, 1767)
(116, 1768)
(116, 1769)
(116, 1770)
(117, 1771)
(117, 1772)
(117, 1773)
(1773, 1774)
(1773, 1775)
(1773, 1776)
(1773, 1777)
(118, 1778)
(118, 1779)
(118, 1780)
(118, 1781)
(119, 1782)
(119, 1783)
(119, 1784)
(119, 1785)
(119, 1786)
(119, 1787)
(119, 1788)
(119, 1789)
(120, 1790)
(120, 1791)
(1790, 1791)
(120, 1792)
(121, 1793)
(121, 1794)
(122, 1795)
(122, 1796)
(122, 1797)
(1797, 1798)
(122, 1799)
(122, 1800)
(128, 1800)
(122, 1801)
(134, 1801)
(1801, 1802)
(122, 1803)
(122, 1804)
(122, 1805)
(122, 1806)
(122, 1807)
(128, 1807)
(140, 1807)
(122, 1808)
(128, 1808)
(122, 1809)
(128, 1809)
(1800, 1809)
(1809, 1810)
(1963, 1810)
(122, 1811)
(123, 1811)
(126, 1811)
(237, 1812)
(1811, 1812)
(3989, 1812)
(122, 1813)
(126, 1813)
(122, 1814)
(126, 1814)
(122, 1815)
(128, 1815)
(1815, 1816)
(122, 1817)
(122, 1818)
(122, 1819)
(123, 1820)
(1820, 1821)
(1820, 1822)
(1935, 1822)
(123, 1823)
(123, 1824)
(123, 1825)
(1825, 1826)
(3198, 1826)
(1825, 1827)
(3927, 1827)
(1825, 1828)
(1825, 1829)
(123, 1830)
(123, 1831)
(124, 1832)
(252, 1833)
(1832, 1833)
(1835, 1833)
(1929, 1833)
(3979, 1833)
(1832, 1834)
(124, 1835)
(1832, 1835)
(1832, 1836)
(124, 1837)
(124, 1838)
(124, 1839)
(124, 1840)
(125, 1841)
(125, 1842)
(125, 1843)
(240, 1843)
(125, 1844)
(125, 1845)
(125, 1846)
(125, 1847)
(1847, 1848)
(3928, 1848)
(255, 1849)
(1847, 1849)
(3929, 1849)
(1847, 1850)
(125, 1851)
(125, 1852)
(125, 1853)
(125, 1854)
(125, 1855)
(125, 1856)
(125, 1857)
(125, 1858)
(125, 1859)
(126, 1860)
(128, 1860)
(132, 1860)
(126, 1861)
(126, 1862)
(126, 1863)
(126, 1864)
(126, 1865)
(126, 1866)
(126, 1867)
(126, 1868)
(126, 1869)
(126, 1870)
(126, 1871)
(126, 1872)
(126, 1873)
(126, 1874)
(126, 1875)
(127, 1876)
(127, 1877)
(127, 1878)
(127, 1879)
(128, 1880)
(129, 1880)
(1880, 1881)
(1880, 1882)
(1880, 1883)
(1880, 1884)
(128, 1885)
(3930, 1885)
(128, 1886)
(128, 1887)
(128, 1888)
(1888, 1889)
(128, 1890)
(128, 1891)
(128, 1892)
(128, 1893)
(128, 1894)
(128, 1895)
(128, 1896)
(128, 1897)
(2991, 1897)
(128, 1898)
(243, 1898)
(128, 1899)
(299, 1899)
(128, 1900)
(128, 1901)
(666, 1902)
(128, 1903)
(289, 1903)
(128, 1904)
(129, 1904)
(1904, 1905)
(3931, 1905)
(3932, 1905)
(1904, 1906)
(128, 1907)
(321, 1907)
(128, 1908)
(128, 1909)
(3883, 1909)
(128, 1910)
(128, 1911)
(128, 1912)
(128, 1913)
(128, 1914)
(130, 1914)
(1918, 1914)
(1914, 1915)
(128, 1916)
(140, 1916)
(128, 1917)
(140, 1917)
(129, 1918)
(1918, 1919)
(1918, 1920)
(1920, 1921)
(1918, 1922)
(1923, 1922)
(1918, 1923)
(1918, 1924)
(1918, 1925)
(130, 1926)
(130, 1927)
(130, 1928)
(130, 1929)
(247, 1929)
(253, 1929)
(130, 1930)
(252, 1930)
(1930, 1931)
(130, 1932)
(243, 1932)
(247, 1932)
(130, 1933)
(3868, 1933)
(130, 1934)
(247, 1934)
(1934, 1935)
(130, 1936)
(130, 1937)
(131, 1938)
(131, 1939)
(131, 1940)
(131, 1941)
(242, 1941)
(132, 1942)
(132, 1943)
(132, 1944)
(132, 1945)
(132, 1946)
(240, 1946)
(499, 1946)
(1946, 1947)
(1946, 1948)
(132, 1949)
(132, 1950)
(132, 1951)
(132, 1952)
(133, 1953)
(133, 1954)
(133, 1955)
(133, 1956)
(133, 1957)
(133, 1958)
(133, 1959)
(133, 1960)
(134, 1961)
(134, 1962)
(1961, 1962)
(134, 1963)
(134, 1964)
(134, 1965)
(134, 1966)
(3933, 1966)
(134, 1967)
(134, 1968)
(135, 1968)
(3237, 1968)
(134, 1969)
(135, 1970)
(135, 1971)
(135, 1972)
(135, 1973)
(135, 1974)
(135, 1975)
(135, 1976)
(135, 1977)
(135, 1978)
(135, 1979)
(135, 1980)
(1980, 1981)
(135, 1982)
(135, 1983)
(135, 1984)
(1985, 1986)
(1985, 1987)
(1985, 1988)
(1985, 1989)
(1985, 1990)
(1985, 1991)
(1985, 1992)
(1985, 1993)
(1985, 1994)
(136, 1996)
(136, 1997)
(136, 1998)
(136, 1999)
(137, 2000)
(137, 2001)
(137, 2002)
(138, 2003)
(138, 2004)
(139, 2005)
(139, 2006)
(139, 2007)
(2006, 2007)
(139, 2008)
(140, 2009)
(140, 2010)
(140, 2011)
(140, 2012)
(140, 2013)
(140, 2014)
(140, 2015)
(140, 2016)
(140, 2017)
(2010, 2017)
(3142, 2018)
(3909, 2018)
(3142, 2019)
(3909, 2019)
(141, 2020)
(141, 2021)
(142, 2023)
(142, 2024)
(142, 2025)
(142, 2026)
(142, 2027)
(142, 2028)
(142, 2029)
(142, 2030)
(142, 2031)
(144, 2031)
(144, 2032)
(2031, 2032)
(2031, 2033)
(2031, 2034)
(142, 2035)
(144, 2035)
(142, 2036)
(144, 2036)
(142, 2037)
(144, 2037)
(142, 2038)
(144, 2038)
(142, 2039)
(144, 2039)
(2103, 2039)
(142, 2040)
(144, 2040)
(142, 2041)
(2108, 2041)
(142, 2042)
(321, 2043)
(2042, 2043)
(142, 2044)
(148, 2044)
(142, 2045)
(142, 2046)
(2046, 2047)
(142, 2048)
(142, 2049)
(142, 2050)
(142, 2051)
(142, 2052)
(142, 2053)
(142, 2054)
(142, 2055)
(142, 2056)
(142, 2057)
(142, 2058)
(142, 2059)
(142, 2060)
(142, 2061)
(164, 2061)
(142, 2062)
(163, 2062)
(142, 2063)
(142, 2064)
(144, 2064)
(142, 2065)
(142, 2066)
(142, 2067)
(2069, 2068)
(142, 2070)
(142, 2071)
(192, 2071)
(142, 2072)
(142, 2073)
(2073, 2074)
(2073, 2075)
(142, 2076)
(142, 2077)
(142, 2078)
(142, 2079)
(142, 2080)
(144, 2080)
(142, 2081)
(144, 2081)
(142, 2082)
(144, 2082)
(1174, 2084)
(2084, 2085)
(1174, 2086)
(1174, 2087)
(1174, 2088)
(143, 2089)
(143, 2090)
(143, 2091)
(143, 2092)
(143, 2093)
(143, 2094)
(143, 2095)
(2091, 2095)
(143, 2096)
(143, 2097)
(143, 2098)
(143, 2099)
(143, 2100)
(143, 2101)
(143, 2102)
(144, 2103)
(144, 2104)
(144, 2105)
(144, 2106)
(144, 2107)
(144, 2108)
(144, 2109)
(144, 2110)
(144, 2111)
(144, 2112)
(2036, 2112)
(145, 2113)
(2113, 2114)
(2113, 2115)
(145, 2116)
(145, 2117)
(145, 2118)
(145, 2119)
(145, 2120)
(145, 2121)
(145, 2122)
(145, 2123)
(145, 2124)
(145, 2125)
(145, 2126)
(146, 2127)
(2134, 2127)
(2135, 2127)
(146, 2128)
(2135, 2128)
(146, 2129)
(146, 2130)
(146, 2131)
(146, 2132)
(146, 2133)
(321, 2134)
(321, 2135)
(147, 2136)
(147, 2137)
(147, 2138)
(147, 2139)
(147, 2140)
(2140, 2141)
(2141, 2142)
(2143, 2142)
(2144, 2142)
(3934, 2142)
(3950, 2142)
(2140, 2143)
(2140, 2144)
(147, 2145)
(147, 2146)
(147, 2147)
(147, 2148)
(147, 2149)
(147, 2150)
(147, 2151)
(147, 2152)
(147, 2153)
(147, 2154)
(147, 2155)
(147, 2156)
(147, 2157)
(148, 2158)
(148, 2159)
(148, 2160)
(148, 2161)
(148, 2162)
(148, 2163)
(148, 2164)
(148, 2165)
(148, 2166)
(148, 2167)
(148, 2168)
(148, 2169)
(149, 2170)
(158, 2171)
(149, 2172)
(149, 2173)
(149, 2174)
(150, 2175)
(151, 2175)
(150, 2176)
(150, 2177)
(150, 2178)
(150, 2179)
(150, 2180)
(150, 2181)
(151, 2182)
(151, 2183)
(1283, 2184)
(151, 2185)
(151, 2186)
(151, 2187)
(151, 2188)
(2188, 2189)
(151, 2190)
(151, 2191)
(151, 2192)
(151, 2193)
(151, 2194)
(151, 2195)
(151, 2196)
(152, 2197)
(2197, 2198)
(2197, 2199)
(2197, 2200)
(2197, 2201)
(2197, 2202)
(152, 2203)
(153, 2204)
(153, 2205)
(153, 2206)
(153, 2207)
(153, 2208)
(2209, 2210)
(2210, 2211)
(2209, 2212)
(2210, 2213)
(3951, 2216)
(154, 2218)
(154, 2219)
(154, 2220)
(155, 2221)
(155, 2222)
(155, 2223)
(2224, 2225)
(2226, 2227)
(2229, 2230)
(2230, 2231)
(2230, 2232)
(2230, 2233)
(2229, 2234)
(2234, 2235)
(2229, 2236)
(157, 2237)
(158, 2238)
(158, 2239)
(158, 2240)
(158, 2241)
(158, 2242)
(159, 2243)
(159, 2244)
(159, 2245)
(159, 2246)
(159, 2247)
(159, 2248)
(159, 2249)
(159, 2250)
(3096, 2250)
(2250, 2251)
(159, 2252)
(159, 2253)
(159, 2254)
(253, 2254)
(159, 2255)
(159, 2256)
(159, 2257)
(159, 2258)
(159, 2259)
(159, 2260)
(159, 2261)
(159, 2262)
(160, 2263)
(160, 2264)
(160, 2265)
(161, 2266)
(2266, 2267)
(2266, 2268)
(2266, 2269)
(2266, 2270)
(161, 2271)
(161, 2272)
(161, 2273)
(161, 2274)
(2278, 2279)
(2282, 2283)
(2282, 2284)
(2283, 2284)
(2285, 2286)
(2289, 2290)
(2299, 2300)
(2302, 2303)
(2302, 2304)
(2302, 2305)
(2302, 2306)
(2307, 2308)
(2308, 2309)
(2308, 2310)
(2308, 2311)
(2307, 2312)
(2307, 2313)
(2276, 2317)
(2316, 2317)
(2791, 2317)
(239, 2318)
(162, 2319)
(2319, 2320)
(2319, 2321)
(2319, 2322)
(2319, 2323)
(2319, 2324)
(2319, 2325)
(2325, 2326)
(2319, 2327)
(163, 2329)
(163, 2330)
(163, 2331)
(163, 2332)
(163, 2333)
(163, 2334)
(163, 2335)
(163, 2336)
(163, 2337)
(163, 2338)
(163, 2339)
(163, 2340)
(163, 2341)
(163, 2342)
(164, 2343)
(164, 2344)
(164, 2345)
(165, 2346)
(165, 2347)
(165, 2348)
(165, 2349)
(165, 2350)
(165, 2351)
(165, 2352)
(165, 2353)
(165, 2354)
(165, 2355)
(165, 2356)
(165, 2357)
(165, 2358)
(165, 2359)
(165, 2361)
(165, 2362)
(166, 2363)
(166, 2364)
(166, 2365)
(166, 2366)
(3977, 2366)
(2366, 2367)
(2366, 2368)
(166, 2369)
(2366, 2369)
(270, 2370)
(272, 2370)
(2366, 2370)
(167, 2371)
(167, 2372)
(168, 2373)
(169, 2374)
(169, 2375)
(169, 2376)
(170, 2377)
(170, 2378)
(171, 2379)
(171, 2380)
(171, 2381)
(171, 2382)
(171, 2383)
(172, 2384)
(172, 2385)
(172, 2386)
(172, 2387)
(172, 2388)
(172, 2389)
(172, 2390)
(172, 2391)
(172, 2392)
(173, 2393)
(173, 2394)
(174, 2398)
(174, 2399)
(175, 2400)
(175, 2401)
(175, 2402)
(176, 2403)
(176, 2404)
(176, 2405)
(177, 2406)
(177, 2407)
(177, 2408)
(177, 2409)
(178, 2410)
(178, 2411)
(2411, 2412)
(2411, 2413)
(178, 2414)
(178, 2415)
(178, 2416)
(178, 2417)
(178, 2418)
(178, 2419)
(178, 2420)
(178, 2421)
(179, 2422)
(179, 2423)
(179, 2424)
(180, 2425)
(180, 2426)
(180, 2427)
(180, 2428)
(180, 2429)
(181, 2430)
(181, 2431)
(182, 2432)
(2437, 2432)
(182, 2433)
(2432, 2433)
(2434, 2435)
(2434, 2436)
(2434, 2437)
(2437, 2438)
(182, 2439)
(2437, 2439)
(182, 2440)
(182, 2441)
(183, 2442)
(183, 2443)
(184, 2444)
(184, 2445)
(184, 2446)
(184, 2447)
(184, 2448)
(184, 2449)
(185, 2450)
(185, 2451)
(186, 2452)
(186, 2453)
(186, 2454)
(186, 2455)
(186, 2456)
(186, 2457)
(187, 2458)
(188, 2459)
(188, 2460)
(188, 2461)
(188, 2462)
(189, 2463)
(2463, 2464)
(2463, 2465)
(2463, 2466)
(189, 2467)
(2463, 2467)
(2465, 2467)
(189, 2468)
(189, 2469)
(189, 2470)
(190, 2471)
(190, 2472)
(2472, 2473)
(190, 2474)
(191, 2475)
(2475, 2476)
(2475, 2477)
(192, 2478)
(192, 2479)
(192, 2480)
(192, 2481)
(193, 2482)
(2483, 2484)
(2483, 2485)
(194, 2486)
(194, 2487)
(194, 2488)
(3562, 2492)
(2493, 2494)
(195, 2495)
(195, 2496)
(2495, 2496)
(195, 2497)
(2497, 2498)
(2497, 2499)
(195, 2500)
(195, 2501)
(195, 2502)
(195, 2503)
(196, 2504)
(2504, 2505)
(2504, 2506)
(196, 2507)
(196, 2508)
(196, 2509)
(196, 2510)
(196, 2511)
(197, 2512)
(197, 2513)
(198, 2514)
(198, 2515)
(199, 2519)
(199, 2520)
(199, 2521)
(199, 2522)
(200, 2523)
(2523, 2524)
(200, 2525)
(200, 2526)
(200, 2527)
(200, 2528)
(2528, 2529)
(2528, 2530)
(2530, 2531)
(201, 2532)
(201, 2533)
(201, 2534)
(202, 2535)
(202, 2536)
(202, 2537)
(203, 2538)
(203, 2539)
(203, 2540)
(203, 2541)
(204, 2542)
(204, 2543)
(204, 2544)
(204, 2545)
(205, 2546)
(3954, 2546)
(2546, 2547)
(2546, 2548)
(2548, 2549)
(2546, 2550)
(2546, 2551)
(2546, 2552)
(2546, 2553)
(206, 2554)
(2546, 2554)
(2546, 2555)
(2546, 2556)
(2546, 2557)
(207, 2558)
(2546, 2558)
(207, 2559)
(2546, 2559)
(2546, 2560)
(2546, 2561)
(2561, 2562)
(2561, 2563)
(2565, 2563)
(2561, 2564)
(2546, 2565)
(2565, 2566)
(2546, 2567)
(2546, 2568)
(2546, 2569)
(2546, 2570)
(2546, 2571)
(2546, 2572)
(2546, 2573)
(2546, 2574)
(2546, 2575)
(2546, 2576)
(2546, 2577)
(2546, 2578)
(2546, 2579)
(2578, 2579)
(2578, 2580)
(2546, 2581)
(2546, 2582)
(2561, 2582)
(2546, 2583)
(3954, 2583)
(205, 2584)
(3954, 2584)
(2584, 2585)
(2585, 2586)
(2585, 2587)
(2585, 2588)
(2585, 2589)
(2585, 2590)
(2585, 2591)
(2585, 2592)
(2585, 2593)
(2585, 2594)
(2585, 2595)
(2585, 2596)
(2585, 2597)
(2585, 2598)
(2585, 2599)
(2585, 2600)
(2585, 2601)
(2585, 2602)
(2585, 2603)
(2585, 2604)
(2585, 2605)
(2585, 2606)
(2585, 2607)
(2585, 2608)
(2585, 2609)
(2585, 2610)
(206, 2611)
(2611, 2612)
(206, 2613)
(211, 2613)
(206, 2614)
(206, 2615)
(206, 2616)
(213, 2616)
(206, 2617)
(206, 2618)
(206, 2619)
(209, 2619)
(206, 2620)
(213, 2620)
(2620, 2621)
(2621, 2622)
(206, 2623)
(206, 2624)
(2624, 2625)
(206, 2626)
(206, 2627)
(2627, 2628)
(206, 2629)
(206, 2630)
(206, 2631)
(206, 2632)
(206, 2633)
(206, 2634)
(207, 2635)
(207, 2636)
(207, 2637)
(207, 2638)
(207, 2639)
(207, 2640)
(207, 2641)
(207, 2642)
(207, 2643)
(207, 2644)
(207, 2645)
(207, 2646)
(207, 2647)
(207, 2648)
(207, 2649)
(2649, 2650)
(2649, 2651)
(2649, 2652)
(207, 2653)
(207, 2654)
(207, 2655)
(207, 2656)
(207, 2657)
(207, 2658)
(207, 2659)
(207, 2660)
(207, 2661)
(207, 2662)
(2657, 2663)
(208, 2664)
(208, 2665)
(2665, 2666)
(208, 2667)
(208, 2668)
(208, 2669)
(208, 2670)
(208, 2671)
(208, 2672)
(208, 2673)
(208, 2674)
(208, 2675)
(208, 2676)
(208, 2677)
(208, 2678)
(208, 2679)
(208, 2680)
(208, 2681)
(208, 2682)
(3955, 2682)
(208, 2683)
(208, 2684)
(208, 2685)
(209, 2686)
(209, 2687)
(209, 2688)
(209, 2689)
(209, 2690)
(209, 2691)
(209, 2692)
(209, 2693)
(209, 2694)
(209, 2695)
(209, 2696)
(209, 2697)
(209, 2698)
(209, 2699)
(209, 2700)
(209, 2701)
(209, 2702)
(209, 2703)
(209, 2704)
(209, 2705)
(209, 2706)
(209, 2707)
(209, 2708)
(209, 2709)
(209, 2710)
(209, 2711)
(209, 2712)
(209, 2713)
(209, 2714)
(209, 2715)
(209, 2716)
(209, 2717)
(210, 2718)
(210, 2719)
(210, 2720)
(210, 2721)
(210, 2722)
(210, 2723)
(210, 2724)
(210, 2725)
(210, 2726)
(211, 2727)
(211, 2728)
(211, 2729)
(211, 2730)
(211, 2731)
(211, 2732)
(211, 2733)
(212, 2734)
(2734, 2735)
(2734, 2736)
(2734, 2737)
(2734, 2738)
(212, 2739)
(2739, 2740)
(2739, 2741)
(212, 2742)
(212, 2743)
(212, 2744)
(213, 2745)
(2745, 2746)
(2746, 2747)
(2745, 2748)
(213, 2749)
(2749, 2750)
(2751, 2750)
(2749, 2751)
(213, 2752)
(213, 2753)
(213, 2754)
(213, 2755)
(213, 2756)
(214, 2757)
(2757, 2758)
(2757, 2759)
(215, 2760)
(215, 2761)
(215, 2762)
(215, 2763)
(216, 2764)
(2766, 2764)
(216, 2765)
(216, 2766)
(216, 2767)
(217, 2768)
(217, 2769)
(217, 2770)
(218, 2771)
(218, 2772)
(2783, 2772)
(218, 2773)
(218, 2774)
(218, 2775)
(218, 2776)
(219, 2777)
(219, 2778)
(219, 2779)
(219, 2780)
(219, 2781)
(219, 2782)
(219, 2783)
(2783, 2784)
(2783, 2785)
(220, 2786)
(2316, 2787)
(2316, 2788)
(2316, 2789)
(2316, 2790)
(2317, 2790)
(2788, 2790)
(2789, 2790)
(2316, 2791)
(2787, 2791)
(2788, 2791)
(2789, 2791)
(2790, 2791)
(2792, 2793)
(2792, 2794)
(2795, 2796)
(221, 2798)
(221, 2799)
(221, 2800)
(221, 2801)
(221, 2802)
(221, 2803)
(221, 2804)
(221, 2805)
(222, 2806)
(222, 2807)
(222, 2808)
(222, 2809)
(222, 2810)
(222, 2811)
(222, 2812)
(222, 2813)
(222, 2814)
(222, 2815)
(222, 2816)
(2817, 2816)
(2818, 2816)
(222, 2819)
(2842, 2820)
(2820, 2821)
(2825, 2821)
(2820, 2822)
(2820, 2823)
(2825, 2829)
(2828, 2829)
(2830, 2829)
(2831, 2829)
(2834, 2829)
(2835, 2836)
(3991, 2844)
(2844, 2845)
(2845, 2846)
(2845, 2847)
(2844, 2848)
(2848, 2849)
(3991, 2850)
(2850, 2851)
(2850, 2852)
(2850, 2853)
(2850, 2854)
(2850, 2855)
(2850, 2856)
(2850, 2857)
(2850, 2858)
(2850, 2859)
(3991, 2860)
(2860, 2861)
(2860, 2862)
(223, 2870)
(2870, 2871)
(223, 2872)
(223, 2873)
(2874, 2875)
(224, 2876)
(224, 2877)
(224, 2878)
(224, 2879)
(225, 2880)
(225, 2881)
(225, 2882)
(226, 2883)
(226, 2884)
(226, 2885)
(2886, 2885)
(226, 2886)
(226, 2887)
(226, 2888)
(226, 2889)
(226, 2890)
(226, 2891)
(226, 2892)
(226, 2893)
(226, 2894)
(226, 2895)
(226, 2896)
(226, 2897)
(226, 2898)
(227, 2899)
(227, 2900)
(227, 2901)
(228, 2902)
(228, 2903)
(228, 2904)
(228, 2905)
(228, 2906)
(228, 2907)
(229, 2908)
(229, 2909)
(230, 2910)
(230, 2911)
(230, 2912)
(230, 2913)
(230, 2914)
(230, 2915)
(230, 2916)
(230, 2917)
(230, 2918)
(230, 2919)
(230, 2920)
(230, 2921)
(230, 2922)
(231, 2924)
(231, 2925)
(231, 2926)
(231, 2927)
(231, 2928)
(231, 2929)
(232, 2930)
(232, 2931)
(232, 2932)
(233, 2933)
(233, 2934)
(233, 2935)
(233, 2936)
(233, 2937)
(234, 2938)
(234, 2939)
(234, 2940)
(235, 2941)
(235, 2942)
(235, 2943)
(235, 2944)
(235, 2945)
(235, 2946)
(235, 2947)
(235, 2948)
(235, 2949)
(236, 2950)
(236, 2951)
(236, 2952)
(236, 2953)
(236, 2954)
(236, 2955)
(236, 2956)
(236, 2957)
(236, 2958)
(236, 2959)
(2959, 2960)
(2959, 2961)
(2961, 2962)
(236, 2963)
(236, 2964)
(237, 2965)
(237, 2966)
(237, 2967)
(3992, 2967)
(238, 2976)
(259, 2976)
(240, 2977)
(240, 2978)
(2977, 2978)
(240, 2979)
(2979, 2980)
(2979, 2981)
(2979, 2982)
(2979, 2983)
(240, 2984)
(2984, 2985)
(240, 2986)
(240, 2987)
(240, 2988)
(240, 2989)
(240, 2990)
(240, 2991)
(3868, 2991)
(2991, 2992)
(2991, 2993)
(252, 2994)
(2991, 2994)
(3962, 2994)
(240, 2995)
(240, 2996)
(2996, 2997)
(3099, 2998)
(3993, 2998)
(2998, 2999)
(3993, 3000)
(240, 3001)
(240, 3002)
(240, 3003)
(240, 3004)
(241, 3005)
(241, 3006)
(252, 3006)
(3964, 3006)
(241, 3007)
(241, 3008)
(241, 3009)
(241, 3010)
(241, 3011)
(241, 3012)
(241, 3013)
(241, 3014)
(241, 3015)
(241, 3016)
(241, 3017)
(241, 3018)
(241, 3019)
(241, 3020)
(241, 3021)
(241, 3022)
(241, 3023)
(241, 3024)
(241, 3025)
(252, 3025)
(3214, 3025)
(241, 3026)
(252, 3026)
(241, 3027)
(241, 3028)
(241, 3029)
(3029, 3030)
(3523, 3030)
(241, 3031)
(241, 3032)
(241, 3033)
(241, 3034)
(241, 3035)
(241, 3036)
(241, 3037)
(241, 3038)
(241, 3039)
(241, 3040)
(241, 3041)
(1267, 3041)
(241, 3042)
(241, 3043)
(241, 3044)
(241, 3045)
(241, 3046)
(3214, 3046)
(241, 3047)
(241, 3048)
(242, 3049)
(242, 3050)
(3050, 3051)
(242, 3052)
(242, 3053)
(242, 3054)
(242, 3055)
(242, 3056)
(242, 3057)
(242, 3058)
(242, 3059)
(242, 3060)
(242, 3061)
(242, 3062)
(242, 3063)
(242, 3064)
(242, 3065)
(242, 3066)
(242, 3067)
(242, 3068)
(243, 3069)
(243, 3070)
(243, 3071)
(243, 3072)
(3072, 3073)
(243, 3074)
(243, 3075)
(243, 3076)
(3076, 3077)
(243, 3078)
(243, 3079)
(243, 3080)
(243, 3081)
(243, 3082)
(243, 3083)
(3083, 3084)
(243, 3085)
(243, 3086)
(3075, 3086)
(3086, 3087)
(3086, 3088)
(243, 3089)
(247, 3089)
(243, 3090)
(243, 3091)
(243, 3092)
(243, 3093)
(243, 3094)
(243, 3095)
(243, 3096)
(3096, 3097)
(3096, 3098)
(243, 3099)
(3099, 3100)
(273, 3101)
(3099, 3101)
(3099, 3102)
(3099, 3103)
(243, 3104)
(244, 3105)
(248, 3105)
(248, 3106)
(3105, 3106)
(3105, 3107)
(3179, 3107)
(248, 3108)
(3105, 3108)
(248, 3109)
(3105, 3109)
(244, 3110)
(244, 3111)
(244, 3112)
(244, 3113)
(3113, 3114)
(244, 3115)
(244, 3116)
(244, 3117)
(244, 3118)
(3957, 3118)
(244, 3119)
(244, 3120)
(244, 3121)
(244, 3122)
(244, 3123)
(245, 3124)
(245, 3125)
(3125, 3126)
(254, 3127)
(255, 3127)
(321, 3127)
(3125, 3127)
(245, 3128)
(1642, 3128)
(1642, 3129)
(1642, 3130)
(3128, 3130)
(1642, 3131)
(1642, 3132)
(245, 3133)
(245, 3134)
(245, 3135)
(245, 3136)
(247, 3136)
(3137, 3136)
(245, 3137)
(245, 3138)
(245, 3139)
(3139, 3140)
(3139, 3141)
(245, 3142)
(3142, 3143)
(3909, 3143)
(3142, 3144)
(245, 3145)
(3145, 3146)
(246, 3147)
(246, 3148)
(246, 3149)
(246, 3150)
(246, 3151)
(246, 3152)
(3152, 3153)
(247, 3154)
(247, 3155)
(1932, 3156)
(1932, 3157)
(247, 3158)
(3158, 3159)
(3158, 3160)
(247, 3161)
(247, 3162)
(3089, 3163)
(3165, 3163)
(254, 3164)
(3089, 3164)
(3163, 3164)
(247, 3165)
(3165, 3166)
(3205, 3166)
(248, 3167)
(3168, 3167)
(248, 3168)
(250, 3168)
(248, 3169)
(249, 3170)
(249, 3171)
(3205, 3171)
(249, 3172)
(3174, 3175)
(250, 3176)
(3168, 3176)
(250, 3177)
(250, 3178)
(3179, 3178)
(250, 3179)
(3994, 3179)
(3179, 3180)
(3958, 3180)
(250, 3181)
(250, 3182)
(3182, 3183)
(250, 3184)
(250, 3185)
(251, 3186)
(251, 3187)
(251, 3188)
(251, 3189)
(251, 3190)
(251, 3191)
(251, 3192)
(251, 3193)
(251, 3194)
(3195, 3196)
(3196, 3197)
(321, 3201)
(3868, 3202)
(1935, 3203)
(297, 3206)
(297, 3207)
(961, 3208)
(3523, 3208)
(3523, 3209)
(252, 3210)
(2994, 3211)
(2994, 3212)
(252, 3213)
(252, 3214)
(252, 3215)
(3963, 3215)
(252, 3216)
(3965, 3216)
(252, 3217)
(252, 3218)
(306, 3218)
(252, 3219)
(266, 3219)
(3979, 3220)
(3979, 3221)
(3979, 3222)
(3979, 3223)
(3979, 3224)
(253, 3225)
(253, 3226)
(253, 3227)
(253, 3228)
(253, 3229)
(253, 3230)
(253, 3231)
(3230, 3232)
(253, 3233)
(1929, 3234)
(3235, 3234)
(1929, 3235)
(253, 3236)
(253, 3237)
(3237, 3238)
(253, 3239)
(3239, 3240)
(253, 3241)
(253, 3242)
(3242, 3243)
(3242, 3244)
(3242, 3245)
(254, 3246)
(255, 3247)
(255, 3248)
(3248, 3249)
(256, 3250)
(3250, 3251)
(3251, 3252)
(3251, 3253)
(3251, 3254)
(3251, 3255)
(3250, 3256)
(3250, 3257)
(257, 3258)
(257, 3259)
(257, 3260)
(257, 3261)
(257, 3262)
(257, 3263)
(258, 3264)
(258, 3265)
(258, 3266)
(258, 3267)
(258, 3268)
(258, 3269)
(259, 3270)
(3270, 3271)
(3270, 3272)
(3270, 3273)
(259, 3274)
(259, 3275)
(259, 3276)
(3277, 3276)
(259, 3277)
(3270, 3277)
(3277, 3278)
(3277, 3279)
(3277, 3280)
(32, 3281)
(259, 3282)
(2976, 3283)
(2976, 3284)
(2976, 3285)
(112, 3286)
(261, 3287)
(261, 3288)
(261, 3289)
(261, 3290)
(259, 3291)
(262, 3292)
(262, 3293)
(259, 3294)
(2583, 3294)
(262, 3295)
(262, 3296)
(3296, 3297)
(3296, 3298)
(3981, 3298)
(3296, 3299)
(262, 3300)
(262, 3301)
(3301, 3302)
(3301, 3303)
(3301, 3304)
(3966, 3305)
(3305, 3306)
(3305, 3307)
(262, 3308)
(3308, 3309)
(262, 3310)
(262, 3311)
(262, 3312)
(262, 3313)
(3313, 3314)
(3313, 3315)
(3313, 3316)
(263, 3317)
(3317, 3318)
(263, 3319)
(263, 3320)
(3320, 3321)
(3320, 3322)
(3320, 3323)
(3320, 3324)
(3320, 3325)
(263, 3326)
(269, 3326)
(263, 3327)
(263, 3328)
(263, 3329)
(264, 3330)
(265, 3330)
(264, 3331)
(265, 3331)
(264, 3332)
(267, 3332)
(269, 3332)
(264, 3333)
(3333, 3334)
(264, 3335)
(3335, 3336)
(3335, 3337)
(3335, 3338)
(3335, 3339)
(264, 3340)
(264, 3341)
(264, 3342)
(268, 3342)
(3967, 3342)
(3968, 3342)
(272, 3343)
(3342, 3343)
(3342, 3344)
(265, 3345)
(265, 3346)
(265, 3347)
(265, 3348)
(265, 3349)
(265, 3350)
(3981, 3351)
(3981, 3352)
(3981, 3353)
(3981, 3354)
(3981, 3355)
(3981, 3356)
(3981, 3357)
(266, 3358)
(266, 3359)
(267, 3360)
(267, 3361)
(267, 3362)
(267, 3363)
(268, 3364)
(3364, 3365)
(3364, 3366)
(3364, 3367)
(268, 3368)
(269, 3369)
(269, 3370)
(269, 3371)
(3969, 3371)
(269, 3372)
(269, 3373)
(269, 3374)
(269, 3375)
(3375, 3376)
(270, 3377)
(3377, 3378)
(270, 3379)
(270, 3380)
(272, 3380)
(271, 3381)
(271, 3382)
(271, 3383)
(271, 3384)
(272, 3387)
(272, 3388)
(272, 3389)
(272, 3390)
(272, 3391)
(272, 3392)
(272, 3393)
(272, 3394)
(272, 3395)
(272, 3396)
(272, 3397)
(272, 3398)
(272, 3399)
(273, 3400)
(273, 3401)
(273, 3402)
(273, 3403)
(273, 3404)
(273, 3405)
(273, 3406)
(273, 3407)
(273, 3408)
(273, 3409)
(273, 3410)
(273, 3411)
(273, 3412)
(273, 3413)
(273, 3414)
(273, 3415)
(273, 3416)
(273, 3417)
(273, 3418)
(273, 3419)
(273, 3420)
(273, 3421)
(273, 3422)
(273, 3423)
(273, 3424)
(273, 3425)
(274, 3426)
(274, 3427)
(274, 3428)
(3428, 3429)
(274, 3430)
(274, 3431)
(274, 3432)
(274, 3433)
(274, 3434)
(274, 3435)
(274, 3436)
(274, 3437)
(274, 3438)
(275, 3439)
(275, 3440)
(275, 3441)
(275, 3442)
(3441, 3442)
(275, 3443)
(278, 3444)
(284, 3444)
(3443, 3444)
(275, 3445)
(275, 3446)
(275, 3447)
(3448, 3447)
(275, 3448)
(3474, 3448)
(3476, 3448)
(276, 3449)
(276, 3450)
(276, 3451)
(3452, 3451)
(276, 3452)
(276, 3453)
(3452, 3453)
(276, 3454)
(3452, 3454)
(276, 3455)
(277, 3456)
(277, 3457)
(277, 3458)
(277, 3459)
(277, 3460)
(277, 3461)
(277, 3462)
(277, 3463)
(3463, 3464)
(277, 3465)
(277, 3466)
(284, 3466)
(277, 3467)
(278, 3467)
(284, 3467)
(277, 3468)
(3468, 3469)
(3468, 3470)
(277, 3471)
(277, 3472)
(3447, 3473)
(3448, 3473)
(3487, 3473)
(3490, 3473)
(3494, 3473)
(3448, 3475)
(3476, 3477)
(3448, 3478)
(3448, 3479)
(3448, 3480)
(3448, 3481)
(3448, 3482)
(3448, 3483)
(3448, 3484)
(3447, 3485)
(3447, 3486)
(3487, 3488)
(3447, 3489)
(3487, 3489)
(3490, 3491)
(3490, 3492)
(3447, 3493)
(3448, 3493)
(3490, 3493)
(3491, 3493)
(3447, 3494)
(3448, 3494)
(3487, 3494)
(3495, 3494)
(3495, 3496)
(3971, 3496)
(3494, 3497)
(3494, 3498)
(3497, 3498)
(3494, 3499)
(3494, 3500)
(3494, 3501)
(3497, 3501)
(278, 3502)
(278, 3503)
(3505, 3504)
(3506, 3504)
(3506, 3505)
(279, 3507)
(279, 3508)
(279, 3509)
(279, 3510)
(3510, 3511)
(3510, 3512)
(279, 3513)
(280, 3514)
(280, 3515)
(280, 3516)
(280, 3517)
(280, 3518)
(3515, 3518)
(3516, 3518)
(281, 3519)
(282, 3520)
(282, 3521)
(282, 3522)
(285, 3526)
(285, 3527)
(285, 3528)
(285, 3529)
(285, 3530)
(286, 3531)
(286, 3532)
(286, 3533)
(287, 3534)
(3534, 3535)
(287, 3536)
(3538, 3537)
(3539, 3537)
(3541, 3537)
(3540, 3538)
(3538, 3539)
(3540, 3539)
(3540, 3541)
(3537, 3542)
(3540, 3542)
(288, 3543)
(288, 3544)
(288, 3545)
(288, 3546)
(289, 3547)
(290, 3547)
(289, 3548)
(290, 3548)
(3547, 3549)
(3548, 3549)
(289, 3550)
(289, 3551)
(289, 3552)
(289, 3553)
(289, 3554)
(289, 3555)
(289, 3556)
(3557, 3556)
(289, 3557)
(3557, 3558)
(3557, 3559)
(3557, 3560)
(289, 3561)
(289, 3562)
(3624, 3562)
(289, 3563)
(289, 3564)
(289, 3565)
(289, 3566)
(297, 3566)
(289, 3567)
(297, 3567)
(3633, 3567)
(289, 3568)
(289, 3569)
(289, 3570)
(289, 3571)
(289, 3572)
(290, 3572)
(3550, 3572)
(3557, 3572)
(289, 3573)
(289, 3574)
(289, 3575)
(289, 3576)
(289, 3577)
(290, 3578)
(290, 3579)
(290, 3580)
(290, 3581)
(290, 3582)
(290, 3583)
(290, 3584)
(290, 3585)
(290, 3586)
(290, 3587)
(295, 3587)
(290, 3588)
(290, 3589)
(290, 3590)
(290, 3591)
(290, 3592)
(290, 3593)
(290, 3594)
(295, 3594)
(290, 3595)
(290, 3596)
(290, 3597)
(290, 3598)
(291, 3599)
(3599, 3600)
(3599, 3601)
(291, 3602)
(291, 3603)
(291, 3604)
(291, 3605)
(292, 3606)
(292, 3607)
(292, 3608)
(293, 3609)
(293, 3610)
(293, 3611)
(294, 3611)
(293, 3612)
(293, 3613)
(293, 3614)
(293, 3615)
(293, 3616)
(294, 3617)
(294, 3618)
(294, 3619)
(295, 3619)
(294, 3620)
(294, 3621)
(295, 3622)
(295, 3623)
(296, 3624)
(3624, 3625)
(3624, 3626)
(3729, 3626)
(297, 3627)
(297, 3628)
(297, 3629)
(297, 3630)
(297, 3631)
(297, 3632)
(297, 3633)
(298, 3634)
(3634, 3635)
(298, 3636)
(298, 3637)
(298, 3638)
(298, 3639)
(298, 3640)
(298, 3641)
(298, 3642)
(298, 3643)
(3643, 3644)
(298, 3645)
(298, 3646)
(299, 3647)
(299, 3648)
(3648, 3649)
(3648, 3650)
(299, 3651)
(299, 3652)
(3652, 3653)
(299, 3654)
(299, 3655)
(300, 3656)
(300, 3657)
(300, 3658)
(300, 3659)
(300, 3660)
(300, 3661)
(300, 3662)
(3662, 3663)
(301, 3664)
(301, 3665)
(3665, 3666)
(3665, 3667)
(301, 3668)
(301, 3669)
(301, 3670)
(301, 3671)
(301, 3672)
(301, 3673)
(301, 3674)
(301, 3675)
(301, 3676)
(301, 3677)
(301, 3678)
(301, 3679)
(301, 3680)
(301, 3681)
(301, 3682)
(301, 3683)
(301, 3684)
(301, 3685)
(301, 3686)
(301, 3687)
(301, 3688)
(301, 3689)
(301, 3690)
(301, 3691)
(301, 3692)
(301, 3693)
(301, 3694)
(301, 3695)
(301, 3696)
(302, 3696)
(302, 3697)
(302, 3698)
(302, 3699)
(302, 3700)
(303, 3701)
(303, 3702)
(303, 3703)
(1947, 3704)
(304, 3711)
(304, 3712)
(304, 3713)
(305, 3714)
(305, 3715)
(305, 3716)
(305, 3717)
(305, 3718)
(305, 3719)
(305, 3720)
(305, 3721)
(304, 3722)
(306, 3722)
(3996, 3722)
(306, 3723)
(306, 3724)
(306, 3725)
(307, 3726)
(307, 3727)
(307, 3728)
(308, 3729)
(3729, 3730)
(308, 3731)
(308, 3732)
(3732, 3733)
(3732, 3734)
(3732, 3735)
(3738, 3735)
(308, 3736)
(308, 3737)
(308, 3738)
(3738, 3739)
(308, 3740)
(308, 3741)
(309, 3742)
(309, 3743)
(309, 3744)
(309, 3745)
(309, 3746)
(309, 3747)
(309, 3748)
(309, 3749)
(309, 3750)
(310, 3751)
(310, 3752)
(3973, 3752)
(311, 3753)
(311, 3754)
(311, 3755)
(311, 3756)
(311, 3757)
(311, 3758)
(311, 3759)
(311, 3760)
(311, 3761)
(311, 3762)
(311, 3763)
(311, 3764)
(311, 3765)
(311, 3766)
(311, 3767)
(311, 3768)
(311, 3769)
(311, 3770)
(311, 3771)
(311, 3772)
(311, 3773)
(3983, 3774)
(3983, 3775)
(3983, 3776)
(3983, 3777)
(3983, 3778)
(3983, 3779)
(3983, 3780)
(3983, 3781)
(3983, 3782)
(312, 3783)
(312, 3784)
(312, 3785)
(312, 3786)
(312, 3787)
(312, 3788)
(312, 3789)
(312, 3790)
(312, 3791)
(312, 3792)
(312, 3793)
(312, 3794)
(314, 3795)
(314, 3796)
(314, 3797)
(314, 3798)
(314, 3799)
(314, 3800)
(314, 3801)
(314, 3802)
(315, 3803)
(315, 3804)
(315, 3805)
(315, 3806)
(315, 3807)
(315, 3808)
(315, 3809)
(3806, 3809)
(315, 3810)
(315, 3811)
(315, 3812)
(316, 3813)
(316, 3814)
(316, 3815)
(316, 3816)
(316, 3817)
(316, 3818)
(3818, 3819)
(316, 3820)
(3820, 3821)
(316, 3822)
(316, 3823)
(317, 3824)
(317, 3825)
(3825, 3826)
(317, 3827)
(317, 3828)
(317, 3829)
(317, 3830)
(317, 3831)
(317, 3832)
(317, 3833)
(317, 3834)
(317, 3835)
(317, 3836)
(318, 3837)
(318, 3838)
(318, 3839)
(319, 3840)
(3974, 3840)
(319, 3841)
(319, 3842)
(319, 3843)
(319, 3844)
(319, 3845)
(319, 3846)
(319, 3847)
(319, 3848)
(319, 3849)
(319, 3850)
(320, 3851)
(320, 3852)
(320, 3853)
(320, 3854)
(320, 3855)
(320, 3856)
(320, 3857)
(320, 3858)
(321, 3859)
(3871, 3859)
(3859, 3860)
(3860, 3861)
(3859, 3862)
(3860, 3862)
(3859, 3863)
(321, 3864)
(321, 3865)
(321, 3866)
(321, 3867)
(321, 3868)
(3868, 3869)
(2991, 3870)
(321, 3871)
(3201, 3872)
(3201, 3873)
(3201, 3874)
(321, 3875)
(3875, 3876)
(3875, 3877)
(321, 3878)
(321, 3879)
(321, 3880)
(537, 3881)
(537, 3882)
(321, 3883)
(321, 3884)
(322, 3885)
(322, 3886)
(322, 3887)
(322, 3888)
(322, 3889)
(323, 3890)
(323, 3891)
(323, 3892)
(323, 3893)
(323, 3894)
(323, 3895)
(323, 3896)
(323, 3897)
(324, 3898)
(324, 3899)
(324, 3900)
(324, 3901)
(324, 3902)
(324, 3903)
(14, 3904)
(140, 3909)
(245, 3909)
(186, 3918)
(14, 3935)
(76, 3936)
(76, 3937)
(76, 3938)
(101, 3939)
(1679, 3940)
(104, 3941)
(113, 3942)
(126, 3943)
(135, 3944)
(2224, 3945)
(198, 3946)
(233, 3947)
(265, 3948)
(265, 3949)
(9, 3980)
(13, 3982)
(431, 3982)
(433, 3982)
(3250, 3988)
(179, 3990)
(2845, 3991)
(239, 3993)
(240, 3993)
(2991, 3997)
(321, 3998)
(299, 3999)
(305, 4000)
(313, 4001)
(313, 4002)
(322, 4003)
(4003, 4004)
(322, 4005)
(253, 4006)
(135, 4007)
